-0 	 0
8.668498218e-05 	 0
0.0001735785057 	 0
0.0002600645854 	 0
0.0003471382194 	 0
0.0004334713335 	 0
0.0005206637647 	 0
0.0006069177657 	 0
0.0006941459923 	 0
0.0007804091709 	 0
0.0008675836571 	 0
0.0009539426306 	 0
0.001040983653 	 0
0.001127507558 	 0
0.001214359762 	 0
0.001301087634 	 0
0.00138773013 	 0
0.001474663777 	 0
0.001561113955 	 0
0.00164821762 	 0
0.001734527969 	 0
0.001821734855 	 0
0.001907983382 	 0
0.001995207849 	 0
0.002081483844 	 0
0.002168637042 	 0
0.002255024784 	 0
0.002342030878 	 0
0.002428594253 	 0
0.002515404263 	 0
0.002602175104 	 0
0.002688775843 	 0
0.002775748113 	 0
0.002862164593 	 0
0.002949295483 	 0
0.003035586342 	 0
0.003122804087 	 0
0.00320905089 	 0
0.003296267866 	 0
0.003382560216 	 0
0.003469688943 	 0
0.003556108135 	 0
0.003643077244 	 0
0.003729681426 	 0
0.003816448688 	 0
0.003903262244 	 0
0.003989822277 	 0
0.004076831372 	 0
0.004163216616 	 0
0.004250371719 	 0
0.004336646513 	 0
0.004423871438 	 0
0.004510120277 	 0
0.00459732609 	 0
0.004683638209 	 0
0.004770739467 	 0
0.004857192552 	 0
0.004944122902 	 0
0.005030768915 	 0
0.005117493204 	 0
0.005204348893 	 0
0.005290869582 	 0
0.005377913422 	 0
0.005464270132 	 0
0.005551446249 	 0
0.005637708525 	 0
0.005724936896 	 0
0.00581119152 	 0
0.005898382582 	 0
0.005984717731 	 0
0.006071788734 	 0
0.006158277893 	 0
0.006245168009 	 0
0.006331856555 	 0
0.006418537975 	 0
0.006505434894 	 0
0.006591917902 	 0
0.006678994142 	 0
0.006765325237 	 0
0.006852519008 	 0
0.00693877241 	 0
0.007026000467 	 0
0.007112264576 	 0
0.007199437413 	 0
0.007285798678 	 0
0.007372836873 	 0
0.007459364011 	 0
0.007546212725 	 0
0.007632944182 	 0
0.007719583164 	 0
0.007806520093 	 0
0.007892967373 	 0
0.007980073418 	 0
0.008066382014 	 0
0.008153589945 	 0
0.008239838184 	 0
0.008327062169 	 0
0.008413339394 	 0
0.008500490671 	 0
0.008586880936 	 0
0.00867388402 	 0
0.008760450752 	 0
0.008847257213 	 0
0.00893403163 	 0
0.009020628931 	 0
0.009107604344 	 0
0.009194018122 	 0
0.009281151149 	 0
0.009367440536 	 0
0.009454659021 	 0
0.009540905849 	 0
0.009628122034 	 0
0.009714415904 	 0
0.009801542452 	 0
0.009887964381 	 0
0.009974930322 	 0
0.01006153796 	 0
0.01014830164 	 0
0.01023511874 	 0
0.01032167543 	 0
0.01040868751 	 0
0.01049507027 	 0
0.01058222725 	 0
0.01066850086 	 0
0.01075572621 	 0
0.01084197539 	 0
0.01092918011 	 0
0.01101549403 	 0
0.01110259287 	 0
0.01118904888 	 0
0.01127597593 	 0
0.01136262546 	 0
0.01144934617 	 0
0.01153620534 	 0
0.01162272282 	 0
0.01170976945 	 0
0.01179612391 	 0
0.01188330163 	 0
0.01196956303 	 0
0.01205679151 	 0
0.01214304679 	 0
0.01223023646 	 0
0.01231657367 	 0
0.01240364204 	 0
0.01249013429 	 0
0.012577021 	 0
0.01266371311 	 0
0.01275039097 	 0
0.01283729128 	 0
0.01292377123 	 0
0.01301085005 	 0
0.01309717915 	 0
0.01318437424 	 0
0.01327062707 	 0
0.01335785493 	 0
0.01344411999 	 0
0.01353129116 	 0
0.01361765473 	 0
0.01370469009 	 0
0.01379122047 	 0
0.01387806569 	 0
0.01396480073 	 0
0.0140514362 	 0
0.0141383764 	 0
0.0142248208 	 0
0.01431192921 	 0
0.01439823607 	 0
0.01448544502 	 0
0.014571693 	 0
0.01465891648 	 0
0.01474519496 	 0
0.01483234429 	 0
0.0149187371 	 0
0.01500573716 	 0
0.01509230725 	 0
0.01517911016 	 0
0.01526588815 	 0
0.01535248202 	 0
0.01543946057 	 0
0.01552587166 	 0
0.0156130068 	 0
0.01569929474 	 0
0.01578651394 	 0
0.01587276082 	 0
0.01595997619 	 0
0.0160462716 	 0
0.01613339595 	 0
0.01621982063 	 0
0.01630678339 	 0
0.01639339449 	 0
0.01648015459 	 0
0.01656697522 	 0
0.01665352859 	 0
0.01674054363 	 0
0.01682692393 	 0
0.01691408276 	 0
0.01700035522 	 0
0.01708758098 	 0
0.01717383052 	 0
0.01726103412 	 0
0.01734734986 	 0
0.01743444626 	 0
0.01752090521 	 0
0.01760782895 	 0
0.01769448202 	 0
0.01778119914 	 0
0.01786806178 	 0
0.01795457606 	 0
0.01804162547 	 0
0.0181279777 	 0
0.018215157 	 0
0.01830141754 	 0
0.01838864612 	 0
0.01847490207 	 0
0.01856209033 	 0
0.01864842962 	 0
0.01873549533 	 0
0.0188219907 	 0
0.01890887398 	 0
0.01899556966 	 0
0.01908224397 	 0
0.01916914765 	 0
0.01925562456 	 0
0.01934270596 	 0
0.01942903308 	 0
0.01951622946 	 0
0.01960248174 	 0
0.01968970938 	 0
0.01977597542 	 0
0.01986314489 	 0
0.0199495108 	 0
0.02003654329 	 0
0.02012307693 	 0
0.02020991865 	 0
0.02029665727 	 0
0.02038328924 	 0
0.0204702327 	 0
0.02055667424 	 0
0.02064378498 	 0
0.02073009014 	 0
0.02081730009 	 0
0.02090354783 	 0
0.02099077077 	 0
0.02107705053 	 0
0.0211641979 	 0
0.02125059326 	 0
0.02133759029 	 0
0.02142416376 	 0
0.02151096311 	 0
0.02159774468 	 0
0.02168433512 	 0
0.02177131678 	 0
0.02185772521 	 0
0.02194486245 	 0
0.02203114896 	 0
0.02211836885 	 0
0.02220461581 	 0
0.02229183033 	 0
0.02237812731 	 0
0.02246524944 	 0
0.02255167689 	 0
0.02263863646 	 0
0.02272525102 	 0
0.02281200755 	 0
0.02289883171 	 0
0.02298538176 	 0
0.02307239975 	 0
0.0231587776 	 0
0.02324593826 	 0
0.02333220959 	 0
0.02341943573 	 0
0.02350568566 	 0
0.02359288812 	 0
0.0236792057 	 0
0.02376629964 	 0
0.02385276156 	 0
0.02393968197 	 0
0.02402633857 	 0
0.02411305211 	 0
0.02419991821 	 0
0.02428642931 	 0
0.02437348148 	 0
0.0244598315 	 0
0.02454701235 	 0
0.02463327207 	 0
0.02472050071 	 0
0.02480675736 	 0
0.02489394419 	 0
0.02498028559 	 0
0.02506734861 	 0
0.02515384711 	 0
0.02524072696 	 0
0.02532742622 	 0
0.02541409697 	 0
0.02550100402 	 0
0.0255874779 	 0
0.02567456185 	 0
0.02576088702 	 0
0.02584808466 	 0
0.02593433642 	 0
0.02602156381 	 0
0.02610783087 	 0
0.02619499862 	 0
0.02628136687 	 0
0.02636839649 	 0
0.02645493339 	 0
0.02654177161 	 0
0.02662851382 	 0
0.02671514229 	 0
0.026802089 	 0
0.02688852768 	 0
0.02697564075 	 0
0.02706194422 	 0
0.02714915514 	 0
0.02723540267 	 0
0.02732262505 	 0
0.02740890611 	 0
0.0274960515 	 0
0.02758244944 	 0
0.02766944341 	 0
0.02775602027 	 0
0.02784281606 	 0
0.02792960119 	 0
0.02801618823 	 0
0.02810317299 	 0
0.02818957877 	 0
0.02827671808 	 0
0.02836300319 	 0
0.02845022374 	 0
0.02853647081 	 0
0.02862368446 	 0
0.02870998304 	 0
0.02879710292 	 0
0.02888353316 	 0
0.02897048953 	 0
0.02905710756 	 0
0.0291438605 	 0
0.02923068819 	 0
0.02931723493 	 0
0.02940425586 	 0
0.02949063128 	 0
0.02957779375 	 0
0.02966406397 	 0
0.02975129046 	 0
0.02983754082 	 0
0.0299247421 	 0
0.03001106155 	 0
0.03009815302 	 0
0.0301846179 	 0
0.03027153498 	 0
0.03035819512 	 0
0.03044490508 	 0
0.03053177464 	 0
0.03061828256 	 0
0.03070533748 	 0
0.03079168531 	 0
0.0308788677 	 0
0.03096512661 	 0
0.03105235529 	 0
0.03113861267 	 0
0.03122579803 	 0
0.03131214156 	 0
0.03139920189 	 0
0.03148570352 	 0
0.03157257994 	 0
0.03165928277 	 0
0.03174594997 	 0
0.03183286039 	 0
0.03191933125 	 0
0.03200641773 	 0
0.03209274097 	 0
0.03217993985 	 0
0.03226619112 	 0
0.03235341824 	 0
0.03243968632 	 0
0.03252685233 	 0
0.03261322296 	 0
0.03270024968 	 0
0.03278678986 	 0
0.03287362456 	 0
0.03296037036 	 0
0.03304699534 	 0
0.03313394529 	 0
0.03322038113 	 0
0.0333074965 	 0
0.03339379832 	 0
0.03348101017 	 0
0.03356725753 	 0
0.03365447932 	 0
0.03374076171 	 0
0.03382790508 	 0
0.03391430562 	 0
0.03400129653 	 0
0.03408787678 	 0
0.03417466901 	 0
0.03426145771 	 0
0.03434804133 	 0
0.03443502919 	 0
0.03452143234 	 0
0.0346085737 	 0
0.03469485744 	 0
0.03478207862 	 0
0.03486832582 	 0
0.03495553858 	 0
0.03504183877 	 0
0.0351289564 	 0
0.03521538944 	 0
0.03530234258 	 0
0.0353889641 	 0
0.03547571346 	 0
0.03556254467 	 0
0.03564908811 	 0
0.03573611196 	 0
0.03582248497 	 0
0.03590964923 	 0
0.03599591837 	 0
0.03608314519 	 0
0.03616939598 	 0
0.03625659608 	 0
0.03634291741 	 0
0.03643000638 	 0
0.03651647426 	 0
0.03660338799 	 0
0.03669005167 	 0
0.03677675806 	 0
0.03686363106 	 0
0.03695013582 	 0
0.03703719347 	 0
0.03712353914 	 0
0.03721072303 	 0
0.03729698116 	 0
0.03738420986 	 0
0.03747046799 	 0
0.03755765187 	 0
0.03764399754 	 0
0.03773105516 	 0
0.03781755994 	 0
0.03790443292 	 0
0.03799113933 	 0
0.03807780298 	 0
0.03816471675 	 0
0.03825118461 	 0
0.0383382736 	 0
0.03842459493 	 0
0.03851179503 	 0
0.03859804583 	 0
0.03868527264 	 0
0.03877154179 	 0
0.03885870603 	 0
0.03894507905 	 0
0.03903210287 	 0
0.03911864634 	 0
0.03920547752 	 0
0.0392922269 	 0
0.03937884839 	 0
0.03946580157 	 0
0.0395522346 	 0
0.03963935225 	 0
0.03972565243 	 0
0.0398128652 	 0
0.03989911239 	 0
0.03998633358 	 0
0.04007261732 	 0
0.04015975866 	 0
0.04024616182 	 0
0.04033314965 	 0
0.04041973329 	 0
0.04050652196 	 0
0.04059331422 	 0
0.04067989445 	 0
0.04076688538 	 0
0.04085328591 	 0
0.04094042931 	 0
0.04102671169 	 0
0.04111393349 	 0
0.04120018084 	 0
0.04128739269 	 0
0.04137369451 	 0
0.04146080986 	 0
0.04154724572 	 0
0.04163419564 	 0
0.04172082064 	 0
0.04180756641 	 0
0.04189440114 	 0
0.0419809413 	 0
0.04206796805 	 0
0.04215433867 	 0
0.0422415047 	 0
0.04232777278 	 0
0.0424149999 	 0
0.04250125116 	 0
0.04258845004 	 0
0.04267477328 	 0
0.04276185974 	 0
0.04284833062 	 0
0.042935241 	 0
0.04302190823 	 0
0.04310861103 	 0
0.04319548748 	 0
0.04328198909 	 0
0.04336904945 	 0
0.04345539297 	 0
0.04354257835 	 0
0.04362883573 	 0
0.04371606441 	 0
0.04380232332 	 0
0.04388950569 	 0
0.04397585353 	 0
0.04406290842 	 0
0.04414941636 	 0
0.04423628589 	 0
0.04432299588 	 0
0.04440965599 	 0
0.0444965731 	 0
0.04458303797 	 0
0.04467012946 	 0
0.0447564489 	 0
0.0448436502 	 0
0.04492990055 	 0
0.04501712704 	 0
0.04510339726 	 0
0.04519055972 	 0
0.04527693515 	 0
0.04536395605 	 0
0.04545050281 	 0
0.04553733047 	 0
0.04562408344 	 0
0.04571070145 	 0
0.04579765784 	 0
0.04588408807 	 0
0.04597120798 	 0
0.04605750654 	 0
0.04614472021 	 0
0.04623096727 	 0
0.04631818782 	 0
0.04640447294 	 0
0.04649161223 	 0
0.04657801802 	 0
0.04666500276 	 0
0.04675158981 	 0
0.04683837491 	 0
0.04692517074 	 0
0.04701174757 	 0
0.04709874157 	 0
0.0471851395 	 0
0.0472722849 	 0
0.04735856596 	 0
0.04744578835 	 0
0.04753203588 	 0
0.04761924678 	 0
0.04770555027 	 0
0.04779266331 	 0
0.04787910201 	 0
0.04796604869 	 0
0.04805267718 	 0
0.04813941937 	 0
0.04822625761 	 0
0.04831279449 	 0
0.04839982414 	 0
0.04848619238 	 0
0.04857336015 	 0
0.0486596272 	 0
0.04874685459 	 0
0.04883310636 	 0
0.04892030399 	 0
0.04900662916 	 0
0.04909371309 	 0
0.04918018698 	 0
0.04926709401 	 0
0.04935376478 	 0
0.04944046401 	 0
0.0495273439 	 0
0.04961384237 	 0
0.04970090543 	 0
0.04978724682 	 0
0.04987443366 	 0
0.0499606903 	 0
0.05004791895 	 0
0.05013417866 	 0
0.0502213595 	 0
0.05030770953 	 0
0.05039476168 	 0
0.05048127279 	 0
0.05056813887 	 0
0.05065485243 	 0
0.05074150901 	 0
0.05082842945 	 0
0.05091489135 	 0
0.05100198532 	 0
0.05108830289 	 0
0.05117550536 	 0
0.05126175529 	 0
0.05134898143 	 0
0.05143525276 	 0
0.0515224134 	 0
0.05160879126 	 0
0.05169580922 	 0
0.05178235929 	 0
0.05186918343 	 0
0.05195593998 	 0
0.05204255452 	 0
0.05212951411 	 0
0.05221594155 	 0
0.0523030637 	 0
0.05238936068 	 0
0.05247657521 	 0
0.05256282217 	 0
0.05265004205 	 0
0.05273632857 	 0
0.05282346579 	 0
0.05290987422 	 0
0.05299685586 	 0
0.05308344632 	 0
0.05317022786 	 0
0.05325702724 	 0
0.05334360069 	 0
0.05343059774 	 0
0.0535169931 	 0
0.05360414049 	 0
0.05369042024 	 0
0.05377764319 	 0
0.05386389093 	 0
0.05395110087 	 0
0.05403740603 	 0
0.05412451676 	 0
0.0542109583 	 0
0.05429790173 	 0
0.05438453373 	 0
0.05447127233 	 0
0.05455811407 	 0
0.05464464769 	 0
0.05473168021 	 0
0.05481804611 	 0
0.05490521559 	 0
0.05499148164 	 0
0.05507870928 	 0
0.05516496156 	 0
0.05525215793 	 0
0.05533848506 	 0
0.05542556643 	 0
0.05551204335 	 0
0.05559894701 	 0
0.05568562133 	 0
0.055772317 	 0
0.05585920031 	 0
0.05594569566 	 0
0.05603276139 	 0
0.05611910067 	 0
0.05620628895 	 0
0.0562925449 	 0
0.05637977348 	 0
0.05646603402 	 0
0.0565532133 	 0
0.05663956554 	 0
0.05672661493 	 0
0.05681312923 	 0
0.05689999184 	 0
0.05698670898 	 0
0.05707336203 	 0
0.05716028579 	 0
0.05724674473 	 0
0.05733384116 	 0
0.05742015689 	 0
0.0575073605 	 0
0.05759361004 	 0
0.0576808358 	 0
0.05776710826 	 0
0.05785426707 	 0
0.05794064738 	 0
0.05802766239 	 0
0.05811421578 	 0
0.05820103638 	 0
0.05828779651 	 0
0.05837440758 	 0
0.05846137037 	 0
0.05854779504 	 0
0.05863491941 	 0
0.05872121482 	 0
0.0588084302 	 0
0.05889467708 	 0
0.05898189627 	 0
0.05906818421 	 0
0.05915531933 	 0
0.05924173044 	 0
0.05932870896 	 0
0.05941530285 	 0
0.05950208081 	 0
0.05958888375 	 0
0.05967545382 	 0
0.05976245391 	 0
0.05984884671 	 0
0.05993599606 	 0
0.06002227454 	 0
0.06010949802 	 0
0.060195746 	 0
0.06028295494 	 0
0.06036926181 	 0
0.06045637019 	 0
0.0605428146 	 0
0.06062975478 	 0
0.06071639027 	 0
0.06080312529 	 0
0.06088997053 	 0
0.0609765009 	 0
0.06106353628 	 0
0.06114989984 	 0
0.06123707102 	 0
0.06132333609 	 0
0.06141056395 	 0
0.06149681678 	 0
0.06158401185 	 0
0.06167034096 	 0
0.06175741976 	 0
0.06184389973 	 0
0.06193080001 	 0
0.06201747789 	 0
0.06210416998 	 0
0.06219105671 	 0
0.06227754895 	 0
0.06236461734 	 0
0.06245095454 	 0
0.06253814423 	 0
0.0626243995 	 0
0.06271162799 	 0
0.06279788939 	 0
0.06288506709 	 0
0.06297142156 	 0
0.06305846817 	 0
0.06314498567 	 0
0.0632318448 	 0
0.06331856554 	 0
0.06340521505 	 0
0.06349214212 	 0
0.06357859812 	 0
0.06366569699 	 0
0.0637520109 	 0
0.06383921563 	 0
0.0639254648 	 0
0.06401269015 	 0
0.06409896377 	 0
0.06418612073 	 0
0.0642725035 	 0
0.06435951555 	 0
0.06444607227 	 0
0.06453288933 	 0
0.06461965304 	 0
0.06470626066 	 0
0.06479322663 	 0
0.06487964854 	 0
0.06496677511 	 0
0.06505306898 	 0
0.06514028517 	 0
0.065226532 	 0
0.06531375047 	 0
0.06540003987 	 0
0.06548717287 	 0
0.06557358666 	 0
0.06566056205 	 0
0.06574715937 	 0
0.06583393376 	 0
0.06592074025 	 0
0.06600730696 	 0
0.06609431007 	 0
0.06618070033 	 0
0.06626785162 	 0
0.06635412884 	 0
0.06644135283 	 0
0.06652760107 	 0
0.06661480899 	 0
0.0667011176 	 0
0.06678822362 	 0
0.06687467091 	 0
0.06696160781 	 0
0.06704824682 	 0
0.06713497825 	 0
0.06722182699 	 0
0.06730835411 	 0
0.06739539233 	 0
0.06748175359 	 0
0.06756892644 	 0
0.06765519055 	 0
0.06774241861 	 0
0.06782867201 	 0
0.06791586577 	 0
0.06800219687 	 0
0.06808927309 	 0
0.06817575611 	 0
0.068262653 	 0
0.06834933444 	 0
0.06843602297 	 0
0.06852291311 	 0
0.06860940225 	 0
0.06869647328 	 0
0.06878280842 	 0
0.0688699995 	 0
0.06895625412 	 0
0.06904348249 	 0
0.06912974477 	 0
0.06921692087 	 0
0.06930327759 	 0
0.0693903214 	 0
0.06947684211 	 0
0.06956369777 	 0
0.06965042208 	 0
0.06973706808 	 0
0.06982399845 	 0
0.06991045152 	 0
0.06999755281 	 0
0.07008386492 	 0
0.07017107074 	 0
0.07025731958 	 0
0.0703445445 	 0
0.0704308193 	 0
0.07051797438 	 0
0.07060435964 	 0
0.0706913687 	 0
0.07077792876 	 0
0.07086474229 	 0
0.07095150957 	 0
0.07103811374 	 0
0.07112508287 	 0
0.07121150205 	 0
0.0712986308 	 0
0.07138492314 	 0
0.07147214013 	 0
0.07155838693 	 0
0.07164560467 	 0
0.07173189553 	 0
0.0718190264 	 0
0.07190544289 	 0
0.07199241514 	 0
0.0720790159 	 0
0.07216578671 	 0
0.07225259675 	 0
0.0723391601 	 0
0.07242616622 	 0
0.07251255396 	 0
0.07259970717 	 0
0.07268598316 	 0
0.07277320764 	 0
0.07285945616 	 0
0.07294666304 	 0
0.07303297339 	 0
0.07312007704 	 0
0.07320652723 	 0
0.07329346085 	 0
0.07338010337 	 0
0.07346683121 	 0
0.07355368344 	 0
0.07364020733 	 0
0.07372724838 	 0
0.07381360734 	 0
0.07390078185 	 0
0.07398704502 	 0
0.07407427325 	 0
0.07416052725 	 0
0.07424771967 	 0
0.07433405279 	 0
0.0744211264 	 0
0.0745076125 	 0
0.07459450599 	 0
0.074681191 	 0
0.07476787596 	 0
0.0748547695 	 0
0.07494125556 	 0
0.07502832921 	 0
0.07511466231 	 0
0.07520185475 	 0
0.07528810875 	 0
0.07537533698 	 0
0.07546160016 	 0
0.07554877464 	 0
0.07563513363 	 0
0.07572217463 	 0
0.07580869856 	 0
0.07589555074 	 0
0.07598227863 	 0
0.0760689211 	 0
0.07615585478 	 0
0.07624230493 	 0
0.07632940861 	 0
0.07641571895 	 0
0.07650292584 	 0
0.07658917437 	 0
0.07667639883 	 0
0.07676267484 	 0
0.07684982802 	 0
0.07693621578 	 0
0.07702322185 	 0
0.07710978525 	 0
0.07719659524 	 0
0.0772833661 	 0
0.07736996682 	 0
0.07745693911 	 0
0.07754335557 	 0
0.07763048648 	 0
0.07771677733 	 0
0.07780399508 	 0
0.07789024188 	 0
0.07797745885 	 0
0.07806375121 	 0
0.07815087992 	 0
0.07823729913 	 0
0.07832426822 	 0
0.07841087243 	 0
0.07849763966 	 0
0.07858445324 	 0
0.07867101325 	 0
0.07875802237 	 0
0.07884440759 	 0
0.07893156271 	 0
0.0790178375 	 0
0.07910506242 	 0
0.07919131127 	 0
0.07927851707 	 0
0.0793648292 	 0
0.07945193044 	 0
0.07953838355 	 0
0.07962531388 	 0
0.07971195991 	 0
0.07979868418 	 0
0.07988553989 	 0
0.07997206056 	 0
0.08005910442 	 0
0.08014546111 	 0
0.08023263724 	 0
0.08031889951 	 0
0.08040612788 	 0
0.08049238251 	 0
0.08057957356 	 0
0.08066590873 	 0
0.08075297971 	 0
0.08083946889 	 0
0.08092635898 	 0
0.08101304755 	 0
0.08109972895 	 0
0.08118662589 	 0
0.08127310888 	 0
0.08136018514 	 0
0.08144651622 	 0
0.08153371 	 0
0.0816199634 	 0
0.08170719145 	 0
0.08179345557 	 0
0.08188062839 	 0
0.08196698967 	 0
0.08205402785 	 0
0.08214055501 	 0
0.0822274037 	 0
0.08231413518 	 0
0.08240077414 	 0
0.08248771109 	 0
0.08257415835 	 0
0.08266126441 	 0
0.082747573 	 0
0.08283478093 	 0
0.08292102917 	 0
0.08300825315 	 0
0.08309453039 	 0
0.08318168165 	 0
0.08326807193 	 0
0.083355075 	 0
0.08344164175 	 0
0.08352844819 	 0
0.08361522263 	 0
0.08370181991 	 0
0.08378879534 	 0
0.0838752091 	 0
0.08396234214 	 0
0.08404863152 	 0
0.08413585001 	 0
0.08422209684 	 0
0.08430931302 	 0
0.0843956069 	 0
0.08448273343 	 0
0.08456915538 	 0
0.0846561213 	 0
0.08474272896 	 0
0.08482949261 	 0
0.08491630973 	 0
0.08500286641 	 0
0.0850898785 	 0
0.08517626124 	 0
0.08526341824 	 0
0.08534969184 	 0
0.0854369172 	 0
0.08552316638 	 0
0.08561037109 	 0
0.08569668502 	 0
0.08578378384 	 0
0.08587023988 	 0
0.0859571669 	 0
0.08604381646 	 0
0.08613053715 	 0
0.08621739634 	 0
0.08630391379 	 0
0.08639096045 	 0
0.08647731489 	 0
0.08656449262 	 0
0.08665075401 	 0
0.0867379825 	 0
0.08682423778 	 0
0.08691142744 	 0
0.08699776467 	 0
0.08708483301 	 0
0.08717132529 	 0
0.08725821197 	 0
0.08734490411 	 0
0.08743158194 	 0
0.08751848227 	 0
0.0876049622 	 0
0.08769204105 	 0
0.08777837013 	 0
0.08786556523 	 0
0.08795181805 	 0
0.08803904591 	 0
0.08812531099 	 0
0.08821248214 	 0
0.08829884573 	 0
0.08838588106 	 0
0.08847241147 	 0
0.08855925666 	 0
0.08864599173 	 0
0.08873262718 	 0
0.0888195674 	 0
0.08890601178 	 0
0.0889931202 	 0
0.08907942705 	 0
0.08916663601 	 0
0.08925288399 	 0
0.08934010746 	 0
0.08942638595 	 0
0.08951353527 	 0
0.08959992809 	 0
0.08968692813 	 0
0.08977349825 	 0
0.08986030114 	 0
0.08994707915 	 0
0.090033673 	 0
0.09012065156 	 0
0.09020706264 	 0
0.0902941978 	 0
0.09038048572 	 0
0.09046770493 	 0
0.09055395181 	 0
0.09064116717 	 0
0.0907274626 	 0
0.09081458693 	 0
0.09090101163 	 0
0.09098797437 	 0
0.09107458549 	 0
0.09116134557 	 0
0.09124816622 	 0
0.09133471957 	 0
0.09142173463 	 0
0.0915081149 	 0
0.09159527375 	 0
0.0916815462 	 0
0.09176877196 	 0
0.09185502151 	 0
0.0919422251 	 0
0.09202854085 	 0
0.09211563724 	 0
0.09220209621 	 0
0.09228901992 	 0
0.09237567301 	 0
0.09246239011 	 0
0.09254925277 	 0
0.09263576703 	 0
0.09272281647 	 0
0.09280916868 	 0
0.09289634799 	 0
0.09298260852 	 0
0.09306983711 	 0
0.09315609306 	 0
0.09324328131 	 0
0.09332962062 	 0
0.0934166863 	 0
0.09350318169 	 0
0.09359006495 	 0
0.09367676066 	 0
0.09376343494 	 0
0.09385033865 	 0
0.09393681554 	 0
0.09402389695 	 0
0.09411022406 	 0
0.09419742045 	 0
0.09428367273 	 0
0.09437090036 	 0
0.09445716642 	 0
0.09454433587 	 0
0.09463070179 	 0
0.09471773427 	 0
0.09480426793 	 0
0.09489110962 	 0
0.09497784827 	 0
0.09506448022 	 0
0.0951514237 	 0
0.09523786521 	 0
0.09532497598 	 0
0.09541128112 	 0
0.09549849107 	 0
0.09558473882 	 0
0.09567196175 	 0
0.09575824152 	 0
0.09584538888 	 0
0.09593178426 	 0
0.09601878126 	 0
0.09610535476 	 0
0.09619215409 	 0
0.09627893567 	 0
0.0963655261 	 0
0.09645250778 	 0
0.09653891619 	 0
0.09662605344 	 0
0.09671233994 	 0
0.09679955984 	 0
0.0968858068 	 0
0.09697302132 	 0
0.09705931831 	 0
0.09714644042 	 0
0.09723286789 	 0
0.09731982744 	 0
0.09740644202 	 0
0.09749319852 	 0
0.09758002271 	 0
0.09766657274 	 0
0.09775359075 	 0
0.09783996857 	 0
0.09792712925 	 0
0.09801340057 	 0
0.09810062671 	 0
0.09818687665 	 0
0.0982740791 	 0
0.09836039669 	 0
0.09844749062 	 0
0.09853395255 	 0
0.09862087294 	 0
0.09870752957 	 0
0.09879424308 	 0
0.09888110921 	 0
0.09896762028 	 0
0.09905467248 	 0
0.09914102248 	 0
0.09922820335 	 0
0.09931446305 	 0
0.0994016917 	 0
0.09948794835 	 0
0.09957513517 	 0
0.09966147658 	 0
0.09974853959 	 0
0.0998350381 	 0
0.09992191794 	 0
0.1000086172 	 0
0.1000952879 	 0
0.100182195 	 0
0.1002686689 	 0
0.1003557528 	 0
0.100442078 	 0
0.1005292757 	 0
0.1006155274 	 0
0.1007027548 	 0
0.1007890219 	 0
0.1008761896 	 0
0.1009625579 	 0
0.1010495875 	 0
0.1011361244 	 0
0.1012229626 	 0
0.1013097048 	 0
0.1013963333 	 0
0.10148328 	 0
0.1015697187 	 0
0.1016568317 	 0
0.1017431352 	 0
0.1018303461 	 0
0.1019165937 	 0
0.102003816 	 0
0.1020900971 	 0
0.1021772425 	 0
0.1022636404 	 0
0.1023506344 	 0
0.1024372113 	 0
0.102524007 	 0
0.1026107922 	 0
0.1026973792 	 0
0.102784364 	 0
0.1028707697 	 0
0.1029579091 	 0
0.1030441942 	 0
0.1031314147 	 0
0.1032176618 	 0
0.1033048754 	 0
0.103391174 	 0
0.1034782939 	 0
0.1035647242 	 0
0.1036516805 	 0
0.1037382986 	 0
0.1038250515 	 0
0.1039118792 	 0
0.1039984259 	 0
0.1040854469 	 0
0.1041718223 	 0
0.1042589847 	 0
0.104345255 	 0
0.1044324815 	 0
0.1045187318 	 0
0.1046059331 	 0
0.1046922525 	 0
0.104779344 	 0
0.1048658089 	 0
0.104952726 	 0
0.1050393861 	 0
0.1051260961 	 0
0.1052129656 	 0
0.1052994735 	 0
0.1053865285 	 0
0.1054728763 	 0
0.1055600587 	 0
0.1056463176 	 0
0.1057335463 	 0
0.1058198037 	 0
0.105906989 	 0
0.1059933326 	 0
0.1060803929 	 0
0.1061668945 	 0
0.1062537709 	 0
0.1063404738 	 0
0.1064271409 	 0
0.1065140514 	 0
0.1066005222 	 0
0.1066876087 	 0
0.1067739319 	 0
0.1068611308 	 0
0.1069473821 	 0
0.1070346092 	 0
0.1071208773 	 0
0.1072080433 	 0
0.107294414 	 0
0.1073814407 	 0
0.1074679809 	 0
0.1075548155 	 0
0.1076415614 	 0
0.1077281863 	 0
0.1078151363 	 0
0.1079015721 	 0
0.1079886875 	 0
0.1080749893 	 0
0.1081622012 	 0
0.1082484485 	 0
0.1083356703 	 0
0.1084219527 	 0
0.1085090961 	 0
0.1085954966 	 0
0.1086824875 	 0
0.1087690678 	 0
0.10885586 	 0
0.1089426487 	 0
0.1090292323 	 0
0.1091162202 	 0
0.1092026233 	 0
0.1092897647 	 0
0.1093760484 	 0
0.1094632696 	 0
0.1095495168 	 0
0.1096367296 	 0
0.1097230298 	 0
0.1098101474 	 0
0.1098965804 	 0
0.1099835336 	 0
0.1100701551 	 0
0.1101569044 	 0
0.1102437357 	 0
0.1103302791 	 0
0.110417303 	 0
0.1105036759 	 0
0.1105908402 	 0
0.1106771094 	 0
0.1107643362 	 0
0.110850587 	 0
0.1109377871 	 0
0.1110241084 	 0
0.1111111974 	 0
0.1111976653 	 0
0.111284579 	 0
0.1113712427 	 0
0.111457949 	 0
0.1115448221 	 0
0.1116313268 	 0
0.1117183845 	 0
0.1118047301 	 0
0.111891914 	 0
0.1119781721 	 0
0.1120654008 	 0
0.112151659 	 0
0.1122388428 	 0
0.1123251885 	 0
0.1124122461 	 0
0.1124987509 	 0
0.1125856239 	 0
0.1126723303 	 0
0.112758994 	 0
0.1128459077 	 0
0.1129323756 	 0
0.1130194646 	 0
0.1131057859 	 0
0.113192986 	 0
0.1132792368 	 0
0.1133664636 	 0
0.1134527328 	 0
0.113539897 	 0
0.11362627 	 0
0.1137132938 	 0
0.1137998373 	 0
0.1138866685 	 0
0.1139734179 	 0
0.1140600394 	 0
0.1141469926 	 0
0.1142334256 	 0
0.1143205432 	 0
0.1144068434 	 0
0.1144940562 	 0
0.1145803034 	 0
0.1146675246 	 0
0.1147538083 	 0
0.1148409496 	 0
0.1149273528 	 0
0.1150143406 	 0
0.1151009243 	 0
0.1151877129 	 0
0.1152745052 	 0
0.1153610854 	 0
0.1154480764 	 0
0.1155344769 	 0
0.1156216203 	 0
0.1157079027 	 0
0.1157951245 	 0
0.1158813718 	 0
0.1159685837 	 0
0.1160548855 	 0
0.1161420008 	 0
0.1162284367 	 0
0.1163153866 	 0
0.1164020116 	 0
0.1164887574 	 0
0.1165755921 	 0
0.1166621323 	 0
0.1167491591 	 0
0.1168355297 	 0
0.1169226957 	 0
0.1170089638 	 0
0.1170961909 	 0
0.1171824422 	 0
0.117269641 	 0
0.1173559643 	 0
0.1174430507 	 0
0.1175295216 	 0
0.117616432 	 0
0.1177030992 	 0
0.117789802 	 0
0.1178766785 	 0
0.1179631801 	 0
0.1180502404 	 0
0.118136584 	 0
0.1182237693 	 0
0.1183100267 	 0
0.1183972554 	 0
0.1184835143 	 0
0.1185706967 	 0
0.1186570445 	 0
0.1187440994 	 0
0.1188306074 	 0
0.1189174769 	 0
0.1190041869 	 0
0.119090847 	 0
0.1191777641 	 0
0.119264229 	 0
0.1193513205 	 0
0.1194376399 	 0
0.1195248412 	 0
0.1196110915 	 0
0.119698318 	 0
0.1197845883 	 0
0.1198717507 	 0
0.1199581261 	 0
0.120045147 	 0
0.1201316938 	 0
0.1202185214 	 0
0.1203052744 	 0
0.1203918924 	 0
0.1204788488 	 0
0.120565279 	 0
0.120652399 	 0
0.1207386975 	 0
0.1208259112 	 0
0.1209121583 	 0
0.1209993788 	 0
0.1210856639 	 0
0.1211728032 	 0
0.121259209 	 0
0.1213461937 	 0
0.1214327808 	 0
0.1215195659 	 0
0.1216063617 	 0
0.1216929385 	 0
0.1217799326 	 0
0.1218663305 	 0
0.1219534759 	 0
0.1220397569 	 0
0.1221269793 	 0
0.1222132269 	 0
0.1223004378 	 0
0.1223867413 	 0
0.1224738543 	 0
0.122560293 	 0
0.1226472397 	 0
0.1227338682 	 0
0.1228206103 	 0
0.1229074486 	 0
0.1229939855 	 0
0.1230810151 	 0
0.1231673834 	 0
0.1232545511 	 0
0.1233408182 	 0
0.1234280456 	 0
0.1235142973 	 0
0.123601495 	 0
0.1236878202 	 0
0.1237749041 	 0
0.123861378 	 0
0.123948285 	 0
0.1240349558 	 0
0.124121655 	 0
0.1242085349 	 0
0.1242950333 	 0
0.1243820964 	 0
0.1244684378 	 0
0.1245556246 	 0
0.1246418813 	 0
0.1247291099 	 0
0.1248153697 	 0
0.1249025505 	 0
0.1249889005 	 0
0.1250759527 	 0
0.1251624638 	 0
0.1252493298 	 0
0.1253360434 	 0
0.1254227 	 0
0.1255096204 	 0
0.1255960823 	 0
0.1256831763 	 0
0.1257694939 	 0
0.1258566963 	 0
0.1259429463 	 0
0.1260301724 	 0
0.1261164437 	 0
0.1262036044 	 0
0.1262899823 	 0
0.1263770002 	 0
0.1264635503 	 0
0.1265503744 	 0
0.126637131 	 0
0.1267237455 	 0
0.1268107051 	 0
0.1268971325 	 0
0.1269842547 	 0
0.1270705517 	 0
0.1271577662 	 0
0.1272440132 	 0
0.127331233 	 0
0.1274175196 	 0
0.1275046568 	 0
0.1275910652 	 0
0.1276780468 	 0
0.1277646373 	 0
0.1278514188 	 0
0.1279382182 	 0
0.1280247917 	 0
0.1281117887 	 0
0.1281981841 	 0
0.1282853315 	 0
0.1283716112 	 0
0.1284588342 	 0
0.1285450819 	 0
0.1286322918 	 0
0.128718597 	 0
0.1288057077 	 0
0.1288921493 	 0
0.1289790927 	 0
0.1290657247 	 0
0.1291524633 	 0
0.1292393051 	 0
0.1293258387 	 0
0.1294128712 	 0
0.1294992371 	 0
0.1295864066 	 0
0.1296726726 	 0
0.1297599003 	 0
0.1298461526 	 0
0.1299333489 	 0
0.1300196761 	 0
0.1301067574 	 0
0.1301932343 	 0
0.130280138 	 0
0.1303668123 	 0
0.130453508 	 0
0.1305403913 	 0
0.1306268866 	 0
0.1307139524 	 0
0.1308002917 	 0
0.1308874799 	 0
0.1309737359 	 0
0.1310609645 	 0
0.131147225 	 0
0.1312344043 	 0
0.1313207565 	 0
0.1314078059 	 0
0.1314943202 	 0
0.1315811828 	 0
0.1316679 	 0
0.131754553 	 0
0.1318414768 	 0
0.1319279357 	 0
0.1320150322 	 0
0.1321013479 	 0
0.1321885515 	 0
0.132274801 	 0
0.1323620268 	 0
0.1324482992 	 0
0.1325354581 	 0
0.1326218384 	 0
0.1327088534 	 0
0.1327954068 	 0
0.1328822274 	 0
0.1329689875 	 0
0.1330555986 	 0
0.1331425614 	 0
0.133228986 	 0
0.1333161104 	 0
0.1334024058 	 0
0.1334896212 	 0
0.1335758681 	 0
0.1336630873 	 0
0.1337493752 	 0
0.1338365103 	 0
0.1339229214 	 0
0.1340098999 	 0
0.1340964938 	 0
0.1341832718 	 0
0.1342700747 	 0
0.1343566448 	 0
0.1344436449 	 0
0.1345300377 	 0
0.1346171871 	 0
0.1347034655 	 0
0.134790689 	 0
0.134876937 	 0
0.1349641459 	 0
0.1350504528 	 0
0.1351375612 	 0
0.1352240056 	 0
0.1353109458 	 0
0.1353975813 	 0
0.1354843163 	 0
0.1355711615 	 0
0.1356576919 	 0
0.1357447273 	 0
0.1358310908 	 0
0.135918262 	 0
0.1360045271 	 0
0.1360917549 	 0
0.1361780078 	 0
0.1362652028 	 0
0.136351532 	 0
0.1364386107 	 0
0.1365250907 	 0
0.136611991 	 0
0.1366986689 	 0
0.136785361 	 0
0.1368722477 	 0
0.1369587399 	 0
0.1370458083 	 0
0.1371321455 	 0
0.1372193352 	 0
0.1373055905 	 0
0.137392819 	 0
0.1374790804 	 0
0.1375662581 	 0
0.1376526126 	 0
0.1377396591 	 0
0.1378261767 	 0
0.1379130358 	 0
0.1379997565 	 0
0.138086406 	 0
0.1381733331 	 0
0.1382597891 	 0
0.138346888 	 0
0.1384332019 	 0
0.1385204066 	 0
0.1386066558 	 0
0.1386938811 	 0
0.1387801548 	 0
0.1388673117 	 0
0.1389536945 	 0
0.1390407065 	 0
0.1391272633 	 0
0.1392140803 	 0
0.139300844 	 0
0.1393874516 	 0
0.1394744176 	 0
0.1395608395 	 0
0.1396479661 	 0
0.13973426 	 0
0.1398214762 	 0
0.139907723 	 0
0.1399949415 	 0
0.1400812309 	 0
0.1401683639 	 0
0.1402547777 	 0
0.140341753 	 0
0.1404283504 	 0
0.1405151247 	 0
0.1406019312 	 0
0.1406884979 	 0
0.1407755011 	 0
0.1408618913 	 0
0.1409490426 	 0
0.1410353198 	 0
0.1411225438 	 0
0.1412087921 	 0
0.141296 	 0
0.1413823086 	 0
0.1414694146 	 0
0.1415558619 	 0
0.1416427988 	 0
0.1417294378 	 0
0.1418161692 	 0
0.141903018 	 0
0.1419895451 	 0
0.1420765833 	 0
0.1421629446 	 0
0.1422501174 	 0
0.1423363815 	 0
0.1424236096 	 0
0.142509863 	 0
0.1425970567 	 0
0.1426833879 	 0
0.1427704641 	 0
0.1428569471 	 0
0.142943844 	 0
0.1430305254 	 0
0.1431172139 	 0
0.1432041041 	 0
0.1432905932 	 0
0.1433776643 	 0
0.1434639994 	 0
0.1435511905 	 0
0.1436374451 	 0
0.1437246735 	 0
0.1438109358 	 0
0.1438981118 	 0
0.1439844686 	 0
0.1440715124 	 0
0.1441580331 	 0
0.1442448887 	 0
0.1443316131 	 0
0.1444182591 	 0
0.1445051895 	 0
0.1445916425 	 0
0.1446787438 	 0
0.1447650559 	 0
0.1448522617 	 0
0.1449385106 	 0
0.1450257355 	 0
0.1451120103 	 0
0.1451991654 	 0
0.1452855506 	 0
0.1453725597 	 0
0.1454591198 	 0
0.1455459333 	 0
0.1456327006 	 0
0.1457193047 	 0
0.1458062739 	 0
0.145892693 	 0
0.1459798218 	 0
0.1460661141 	 0
0.1461533311 	 0
0.1462395779 	 0
0.1463267957 	 0
0.1464130865 	 0
0.1465002174 	 0
0.1465866339 	 0
0.1466736061 	 0
0.1467602069 	 0
0.1468469777 	 0
0.1469337877 	 0
0.1470203511 	 0
0.1471073572 	 0
0.1471937449 	 0
0.1472808982 	 0
0.1473671741 	 0
0.1474543986 	 0
0.1475406472 	 0
0.147627854 	 0
0.1477141644 	 0
0.147801268 	 0
0.1478877182 	 0
0.1479746518 	 0
0.1480612944 	 0
0.1481480222 	 0
0.1482348744 	 0
0.1483213983 	 0
0.1484084394 	 0
0.1484947983 	 0
0.1485819728 	 0
0.148668236 	 0
0.1487554642 	 0
0.1488417182 	 0
0.1489289107 	 0
0.1490152438 	 0
0.1491023174 	 0
0.1491888035 	 0
0.149275697 	 0
0.149362382 	 0
0.1494490669 	 0
0.1495359605 	 0
0.1496224465 	 0
0.1497095202 	 0
0.1497958533 	 0
0.1498830457 	 0
0.1499692997 	 0
0.150056528 	 0
0.1501427912 	 0
0.1502299656 	 0
0.1503163246 	 0
0.1504033656 	 0
0.1504898896 	 0
0.1505767417 	 0
0.1506634696 	 0
0.1507501121 	 0
0.1508370458 	 0
0.1509234959 	 0
0.1510105996 	 0
0.1510969099 	 0
0.1511841168 	 0
0.1512703654 	 0
0.1513575898 	 0
0.1514438658 	 0
0.151531019 	 0
0.1516174068 	 0
0.1517044128 	 0
0.1517909763 	 0
0.1518777862 	 0
0.1519645571 	 0
0.1520511578 	 0
0.1521381301 	 0
0.1522245465 	 0
0.1523116775 	 0
0.1523979683 	 0
0.1524851861 	 0
0.1525714329 	 0
0.1526586498 	 0
0.1527449422 	 0
0.1528320709 	 0
0.1529184901 	 0
0.1530054592 	 0
0.1530920634 	 0
0.1531788306 	 0
0.1532656442 	 0
0.1533522042 	 0
0.1534392134 	 0
0.1535255986 	 0
0.1536127537 	 0
0.1536990285 	 0
0.1537862534 	 0
0.1538725023 	 0
0.1539597081 	 0
0.1540460202 	 0
0.1541331214 	 0
0.1542195745 	 0
0.1543065049 	 0
0.1543931509 	 0
0.1544798752 	 0
0.1545667309 	 0
0.1546532515 	 0
0.1547402954 	 0
0.1548266521 	 0
0.1549138282 	 0
0.1550000905 	 0
0.1550873189 	 0
0.1551735735 	 0
0.1552607645 	 0
0.1553470997 	 0
0.1554341707 	 0
0.1555206599 	 0
0.15560755 	 0
0.1556942386 	 0
0.1557809199 	 0
0.1558678169 	 0
0.1559542999 	 0
0.1560413761 	 0
0.1561277072 	 0
0.156214901 	 0
0.1563011544 	 0
0.1563883824 	 0
0.1564746466 	 0
0.1565618194 	 0
0.1566481807 	 0
0.1567352188 	 0
0.156821746 	 0
0.1569085947 	 0
0.1569953262 	 0
0.1570819651 	 0
0.1571689021 	 0
0.1572553493 	 0
0.1573424554 	 0
0.157428764 	 0
0.1575159719 	 0
0.1576022202 	 0
0.1576894441 	 0
0.1577757214 	 0
0.1578628726 	 0
0.1579492629 	 0
0.158036266 	 0
0.1581228327 	 0
0.1582096392 	 0
0.1582964136 	 0
0.1583830109 	 0
0.1584699863 	 0
0.1585564001 	 0
0.1586435331 	 0
0.1587298225 	 0
0.158817041 	 0
0.1589032878 	 0
0.158990504 	 0
0.1590767979 	 0
0.1591639244 	 0
0.1592503464 	 0
0.1593373123 	 0
0.15942392 	 0
0.1595106836 	 0
0.1595975007 	 0
0.1596840574 	 0
0.1597710695 	 0
0.1598574522 	 0
0.1599446092 	 0
0.1600308828 	 0
0.1601181082 	 0
0.1602043574 	 0
0.1602915621 	 0
0.160377876 	 0
0.1604649748 	 0
0.1605514309 	 0
0.1606383579 	 0
0.1607250075 	 0
0.1608117281 	 0
0.1608985873 	 0
0.1609851048 	 0
0.1610721514 	 0
0.1611585059 	 0
0.1612456836 	 0
0.161331945 	 0
0.1614191735 	 0
0.1615054288 	 0
0.1615926184 	 0
0.1616789557 	 0
0.161766024 	 0
0.1618525163 	 0
0.1619394029 	 0
0.1620260951 	 0
0.1621127729 	 0
0.1621996733 	 0
0.1622861532 	 0
0.162373232 	 0
0.1624595611 	 0
0.1625467562 	 0
0.162633009 	 0
0.1627202369 	 0
0.162806502 	 0
0.1628936731 	 0
0.1629800367 	 0
0.163067072 	 0
0.1631536025 	 0
0.1632404476 	 0
0.1633271827 	 0
0.1634138182 	 0
0.1635007584 	 0
0.1635872028 	 0
0.1636743112 	 0
0.163760618 	 0
0.163847827 	 0
0.163934075 	 0
0.1640212984 	 0
0.1641075769 	 0
0.1641947262 	 0
0.1642811191 	 0
0.1643681191 	 0
0.1644546893 	 0
0.1645414921 	 0
0.1646282702 	 0
0.164714864 	 0
0.1648018426 	 0
0.1648882536 	 0
0.1649753888 	 0
0.1650616767 	 0
0.1651488959 	 0
0.1652351428 	 0
0.1653223582 	 0
0.1654086536 	 0
0.1654957779 	 0
0.1655822026 	 0
0.1656691653 	 0
0.1657557765 	 0
0.1658425365 	 0
0.1659293572 	 0
0.1660159105 	 0
0.1661029256 	 0
0.1661893059 	 0
0.1662764647 	 0
0.1663627372 	 0
0.166449963 	 0
0.1665362125 	 0
0.1666234161 	 0
0.1667097318 	 0
0.1667968282 	 0
0.1668832872 	 0
0.1669702109 	 0
0.167056864 	 0
0.1671435811 	 0
0.1672304438 	 0
0.167316958 	 0
0.1674040075 	 0
0.1674903597 	 0
0.167577539 	 0
0.1676637995 	 0
0.1677510281 	 0
0.1678372841 	 0
0.1679244723 	 0
0.1680108116 	 0
0.1680978773 	 0
0.1681843727 	 0
0.1682712559 	 0
0.1683579517 	 0
0.1684446259 	 0
0.1685315296 	 0
0.1686180065 	 0
0.1687050879 	 0
0.168791415 	 0
0.1688786114 	 0
0.1689648637 	 0
0.1690520913 	 0
0.1691383574 	 0
0.1692255269 	 0
0.1693118928 	 0
0.1693989252 	 0
0.1694854589 	 0
0.1695723006 	 0
0.1696590393 	 0
0.1697456712 	 0
0.1698326147 	 0
0.1699190562 	 0
0.170006167 	 0
0.1700924721 	 0
0.1701796821 	 0
0.1702659298 	 0
0.1703531527 	 0
0.1704394325 	 0
0.1705265799 	 0
0.1706129753 	 0
0.1706999722 	 0
0.1707865458 	 0
0.1708733451 	 0
0.1709601267 	 0
0.1710467171 	 0
0.1711336988 	 0
0.1712201072 	 0
0.1713072444 	 0
0.1713935309 	 0
0.1714807508 	 0
0.1715669978 	 0
0.1716542123 	 0
0.1717405093 	 0
0.1718276314 	 0
0.1719140589 	 0
0.1720010184 	 0
0.172087633 	 0
0.1721743895 	 0
0.1722612137 	 0
0.1723477637 	 0
0.1724347817 	 0
0.1725211596 	 0
0.1726083202 	 0
0.1726945916 	 0
0.1727818177 	 0
0.1728680676 	 0
0.1729552701 	 0
0.1730415877 	 0
0.1731286816 	 0
0.1732151436 	 0
0.1733020639 	 0
0.1733887206 	 0
0.1734754341 	 0
0.1735623002 	 0
0.1736488113 	 0
0.1737358635 	 0
0.1738222135 	 0
0.1739093943 	 0
0.173995654 	 0
0.1740828827 	 0
0.1741691393 	 0
0.1742563261 	 0
0.1743426676 	 0
0.1744297306 	 0
0.1745162291 	 0
0.1746031089 	 0
0.1746898082 	 0
0.1747764789 	 0
0.174863386 	 0
0.1749498599 	 0
0.1750369438 	 0
0.175123269 	 0
0.1752104666 	 0
0.1752967184 	 0
0.1753839458 	 0
0.1754702128 	 0
0.1755573806 	 0
0.1756437489 	 0
0.1757307784 	 0
0.1758173154 	 0
0.1759041536 	 0
0.1759908958 	 0
0.1760775242 	 0
0.176164471 	 0
0.1762509096 	 0
0.1763380227 	 0
0.1764243262 	 0
0.1765115371 	 0
0.1765977846 	 0
0.176685007 	 0
0.1767712881 	 0
0.1768584335 	 0
0.1769448314 	 0
0.1770318254 	 0
0.1771184023 	 0
0.177205198 	 0
0.1772919832 	 0
0.1773785702 	 0
0.177465555 	 0
0.1775519607 	 0
0.1776391001 	 0
