-0 	 0
5.204828985e-06 	 0
1.042287467e-05 	 0
1.561513801e-05 	 0
2.084447946e-05 	 0
2.602727347e-05 	 0
3.126379154e-05 	 0
3.644205524e-05 	 0
4.168023422e-05 	 0
4.685978823e-05 	 0
5.209378917e-05 	 0
5.728020303e-05 	 0
6.250500006e-05 	 0
6.770250839e-05 	 0
7.291486674e-05 	 0
7.812554519e-05 	 0
8.33246507e-05 	 0
8.854801199e-05 	 0
9.373562948e-05 	 0
9.896871825e-05 	 0
0.0001041488481 	 0
0.000109386816 	 0
0.0001145649157 	 0
0.0001198019648 	 0
0.0001249838868 	 0
0.0001302143981 	 0
0.0001354052513 	 0
0.000140624878 	 0
0.000145828033 	 0
0.0001510345465 	 0
0.0001562509801 	 0
0.0001614447036 	 0
0.0001666728086 	 0
0.0001718565544 	 0
0.0001770924523 	 0
0.000182270974 	 0
0.0001875092698 	 0
0.000192688338 	 0
0.0001979231699 	 0
0.0002031084486 	 0
0.0002083346291 	 0
0.0002135305738 	 0
0.0002187445989 	 0
0.0002239535895 	 0
0.0002291543207 	 0
0.0002343761985 	 0
0.0002395650842 	 0
0.0002447971825 	 0
0.0002499779764 	 0
0.0002552156394 	 0
0.0002603936697 	 0
