0 	 0
-9.014267602e-06 	 2.367127575e-06
7.674151619e-07 	 -4.624977639e-06
-9.330100687e-06 	 6.669307313e-06
6.170935435e-07 	 -8.405749664e-06
-8.720554623e-06 	 9.75412801e-06
-4.235276852e-07 	 -1.06522052e-05
-7.296892124e-06 	 1.105851205e-05
-2.164503156e-06 	 -1.095429533e-05
-5.318977228e-06 	 1.034436739e-05
-4.288049672e-06 	 -9.256879768e-06
-3.147841508e-06 	 7.742047357e-06
-6.406551716e-06 	 -5.869791177e-06
-1.179784765e-06 	 3.726557524e-06
-8.133314263e-06 	 -1.411280516e-06
2.259613688e-07 	 -9.691476769e-07
-9.153147764e-06 	 3.30483333e-06
8.128038371e-07 	 -5.48795257e-06
-9.279900701e-06 	 7.417710889e-06
4.736244122e-07 	 -9.005031495e-06
-8.490437848e-06 	 1.017662207e-05
-7.296672141e-07 	 -1.087840604e-05
-6.928862351e-06 	 1.107797795e-05
-2.577433009e-06 	 -1.076612651e-05
-4.880211522e-06 	 9.957251829e-06
-4.732396929e-06 	 -8.688688189e-06
-2.718428288e-06 	 7.019011092e-06
-6.801208657e-06 	 -5.025289855e-06
-8.381052846e-07 	 2.799577593e-06
-8.40624328e-06 	 -4.446176178e-07
4.175399004e-07 	 -1.930867943e-06
-9.254530659e-06 	 4.217211351e-06
8.1931216e-07 	 -6.308868604e-06
-9.191232084e-06 	 8.109266254e-06
2.938742917e-07 	 -9.535300045e-06
-8.227902822e-06 	 1.052112402e-05
-1.062865918e-06 	 -1.102123636e-05
-6.540382026e-06 	 1.101254384e-05
-3.003261018e-06 	 -1.049544768e-05
-4.436695791e-06 	 9.493825317e-06
-5.173126963e-06 	 -8.053907809e-06
-2.300832577e-06 	 6.242182111e-06
-7.17639325e-06 	 -4.142275474e-06
-5.226537924e-07 	 1.851142087e-06
-8.647399177e-06 	 5.254527621e-07
5.732673576e-07 	 -2.877790305e-06
-9.317639309e-06 	 5.097269306e-06
7.868902392e-07 	 -7.081434353e-06
-9.064774391e-06 	 8.738673425e-06
7.922074996e-08 	 -9.992491413e-06
-7.934961582e-06 	 1.078499363e-05
-1.420570212e-06 	 -1.107960152e-05
-6.134428404e-06 	 1.08627112e-05
-3.438723692e-06 	 -1.01443333e-05
-3.991829066e-06 	 8.957639481e-06
-5.606862072e-06 	 -7.357403495e-06
-1.898254757e-06 	 5.417513922e-06
-7.529230125e-06 	 -3.227515328e-06
-2.358478602e-07 	 8.885196859e-07
-8.854933772e-06 	 1.491496152e-06
6.919502621e-07 	 -3.802657683e-06
-9.341990071e-06 	 5.938262565e-06
7.157865387e-07 	 -7.799728983e-06
-8.901496786e-06 	 9.301108716e-06
-1.686911493e-07 	 -1.037310175e-05
-7.61385919e-06 	 1.096620865e-05
-1.800038702e-06 	 -1.105305423e-05
-5.714112647e-06 	 1.062962831e-05
-3.880483698e-06 	 -9.715474254e-06
-3.549020727e-06 	 8.352803565e-06
-6.030278161e-06 	 -6.604513154e-06
-1.513780115e-06 	 4.551326664e-06
-7.857015188e-06 	 -2.288019997e-06
2.011447543e-08 	 -8.091220632e-08
-9.027256554e-06 	 2.446108944e-06
7.726790375e-07 	 -4.698382022e-06
-9.327396334e-06 	 6.733745883e-06
6.065459766e-07 	 -8.458247591e-06
-8.702650618e-06 	 9.792261705e-06
-4.479614514e-07 	 -1.067421413e-05
-7.267056532e-06 	 1.106338025e-05
-2.198363195e-06 	 -1.094179796e-05
-5.282655989e-06 	 1.031508149e-05
-4.325155444e-06 	 -9.212157271e-06
-3.111664381e-06 	 7.683952946e-06
-6.440130219e-06 	 -5.801006827e-06
-1.1503552e-06 	 3.650258674e-06
-8.157236338e-06 	 -1.330989631e-06
2.432715562e-07 	 -1.049723999e-06
-9.163046872e-06 	 3.381975132e-06
8.148349811e-07 	 -5.558098619e-06
-9.273969957e-06 	 7.477622794e-06
4.60005744e-07 	 -9.051943387e-06
-8.469759824e-06 	 1.020836826e-05
-7.564498761e-07 	 -1.089352088e-05
-6.897211454e-06 	 1.107576373e-05
-2.612490986e-06 	 -1.074668536e-05
-4.84336504e-06 	 9.921481352e-06
-4.769331016e-06 	 -8.638239695e-06
-2.683111852e-06 	 6.956213595e-06
-6.83327719e-06 	 -4.953042467e-06
-8.107652415e-07 	 2.721215612e-06
-8.42759272e-06 	 -3.637587655e-07
4.319131349e-07 	 -2.010490852e-06
-9.261264057e-06 	 4.291922378e-06
8.180950043e-07 	 -6.375218726e-06
-9.182120401e-06 	 8.164192336e-06
2.772888928e-07 	 -9.576266376e-06
-8.204609251e-06 	 1.054623941e-05
-1.091792218e-06 	 -1.102934125e-05
-6.507158392e-06 	 1.100326417e-05
-3.039248253e-06 	 -1.046921174e-05
-4.399606452e-06 	 9.451844403e-06
-5.209606308e-06 	 -7.998119949e-06
-2.26664749e-06 	 6.175162799e-06
-7.206706043e-06 	 -4.067118742e-06
-4.976128006e-07 	 1.771317531e-06
-8.666012363e-06 	 6.062598929e-07
5.845934851e-07 	 -2.955849583e-06
-9.321155396e-06 	 5.168976985e-06
7.824341108e-07 	 -7.143480049e-06
-9.052551602e-06 	 8.788192738e-06
5.979572797e-08 	 -1.002719822e-05
-7.909230984e-06 	 1.080328573e-05
-1.451418461e-06 	 -1.108063436e-05
-6.099886654e-06 	 1.084643719e-05
-3.475364383e-06 	 -1.011150365e-05
-3.954781116e-06 	 8.909769868e-06
-5.6426071e-06 	 -7.296703823e-06
-1.865463009e-06 	 5.346786424e-06
-7.557554867e-06 	 -3.150025242e-06
-2.132978293e-07 	 8.078443198e-07
-8.870668055e-06 	 1.571632268e-06
7.00142481e-07 	 -3.878555095e-06
-9.3422619e-06 	 6.006417341e-06
7.08125589e-07 	 -7.856994748e-06
-8.886256566e-06 	 9.344841753e-06
-1.908069241e-07 	 -1.040128306e-05
-7.585888762e-06 	 1.097753727e-05
-1.832572485e-06 	 -1.10470071e-05
-5.678517504e-06 	 1.060648469e-05
-3.917497036e-06 	 -9.676302495e-06
-3.512298095e-06 	 8.299412118e-06
-6.065014927e-06 	 -6.539366861e-06
-1.482633015e-06 	 4.477433024e-06
-7.883134801e-06 	 -2.208790428e-06
4.000072537e-08 	 -1.618200992e-07
-9.03999135e-06 	 2.524959894e-06
7.776745629e-07 	 -4.771535901e-06
-9.324421824e-06 	 6.797825428e-06
5.957389163e-07 	 -8.510294548e-06
-8.684509766e-06 	 9.829873302e-06
-4.725984883e-07 	 -1.069565395e-05
-7.237060634e-06 	 1.106765858e-05
-2.232333177e-06 	 -1.09287172e-05
-5.246280247e-06 	 1.028524561e-05
-4.362257763e-06 	 -9.166943605e-06
-3.075548503e-06 	 7.625448847e-06
-6.473592505e-06 	 -5.731913183e-06
-1.121091455e-06 	 3.573765203e-06
-8.180950644e-06 	 -1.250627783e-06
2.603416192e-07 	 -1.130244351e-06
-9.172684585e-06 	 3.458936614e-06
8.165955268e-07 	 -5.627948324e-06
-9.267771903e-06 	 7.537136012e-06
4.461353962e-07 	 -9.098372655e-06
-8.448857368e-06 	 1.023957017e-05
-7.834193601e-07 	 -1.09080549e-05
-6.865419971e-06 	 1.107295898e-05
-2.647636825e-06 	 -1.072667123e-05
-4.806487478e-06 	 9.88518189e-06
-4.806237968e-06 	 -8.587330636e-06
-2.647879513e-06 	 6.893045213e-06
-6.865208544e-06 	 -4.880530998e-06
-7.836091232e-07 	 2.642708545e-06
-8.448719977e-06 	 -2.828805195e-07
4.460361882e-07 	 -2.090006566e-06
-9.267730824e-06 	 4.366404571e-06
8.166070774e-07 	 -6.441228938e-06
-9.172746308e-06 	 8.218683125e-06
2.604615572e-07 	 -9.616722127e-06
-8.181105389e-06 	 1.057079249e-05
-1.120887458e-06 	 -1.103685809e-05
-6.47381497e-06 	 1.099339783e-05
-3.075300596e-06 	 -1.044241763e-05
-4.362509693e-06 	 9.409359546e-06
-5.246035042e-06 	 -7.941905658e-06
-2.232568706e-06 	 6.107814249e-06
-7.236861748e-06 	 -3.991745165e-06
-4.727724297e-07 	 1.691398536e-06
-8.684390654e-06 	 6.870346977e-07
5.956612918e-07 	 -3.033751262e-06
-9.324401658e-06 	 5.24040907e-06
7.777091133e-07 	 -7.205144877e-06
-9.04007331e-06 	 8.837243491e-06
4.014036538e-08 	 -1.006137041e-05
-7.883305843e-06 	 1.082100183e-05
-1.482416478e-06 	 -1.108107641e-05
-6.06524683e-06 	 1.082958488e-05
-3.51204693e-06 	 -1.007813489e-05
-3.917749462e-06 	 8.861425211e-06
-5.678278432e-06 	 -7.235615113e-06
-1.832798952e-06 	 5.275773852e-06
-7.585703814e-06 	 -3.072367206e-06
-1.909635784e-07 	 7.271258826e-07
-8.886156533e-06 	 1.651684587e-06
7.080702182e-07 	 -3.954245712e-06
-9.34226278e-06 	 6.074251873e-06
7.001997317e-07 	 -7.913841601e-06
-8.87076971e-06 	 9.388076551e-06
-2.131396782e-07 	 -1.042890979e-05
-7.55774103e-06 	 1.098828061e-05
-1.865235713e-06 	 -1.104037098e-05
-5.642846752e-06 	 1.058277555e-05
-3.954528657e-06 	 -9.636614824e-06
-3.475615351e-06 	 8.24557817e-06
-6.099655475e-06 	 -6.473871909e-06
-1.451634019e-06 	 4.403300662e-06
-7.909061259e-06 	 -2.129443094e-06
5.965768937e-08 	 -2.427193623e-07
-9.052471313e-06 	 2.603676219e-06
7.824014718e-07 	 -4.844435374e-06
-9.321177314e-06 	 6.861542532e-06
5.846729397e-07 	 -8.561887758e-06
-8.666133033e-06 	 9.866960797e-06
-4.974374802e-07 	 -1.071652351e-05
-7.206906031e-06 	 1.107134682e-05
-2.26641129e-06 	 -1.091505376e-05
-5.209851942e-06 	 1.025486136e-05
-4.399354651e-06 	 -9.121241185e-06
-3.039495799e-06 	 7.566538181e-06
-6.506936788e-06 	 -5.662513932e-06
-1.09199509e-06 	 3.497081189e-06
-8.204455916e-06 	 -1.170199256e-06
2.771706475e-07 	 -1.21070444e-06
-9.182060387e-06 	 3.535713674e-06
8.180853798e-07 	 -5.69749796e-06
-9.261306871e-06 	 7.59624737e-06
4.32014107e-07 	 -9.14431682e-06
-8.427731596e-06 	 1.027022613e-05
-8.105742289e-07 	 -1.092200733e-05
-6.833489596e-06 	 1.106956385e-05
-2.682868654e-06 	 -1.070608518e-05
-4.7695808e-06 	 9.848355373e-06
-4.843115818e-06 	 -8.535963721e-06
-2.61273315e-06 	 6.82950931e-06
-6.897001017e-06 	 -4.80775931e-06
-7.56638379e-07 	 2.564060573e-06
-8.469623922e-06 	 -2.019871896e-07
4.599083057e-07 	 -2.169410847e-06
-9.273930613e-06 	 4.44065396e-06
8.148484554e-07 	 -6.50689572e-06
-9.163110299e-06 	 8.272735715e-06
2.433931779e-07 	 -9.656665137e-06
-8.157392483e-06 	 1.059478198e-05
-1.150150092e-06 	 -1.104378647e-05
-6.440353533e-06 	 1.098294535e-05
-3.111416128e-06 	 -1.041506674e-05
-4.325407488e-06 	 9.366373001e-06
-5.282411226e-06 	 -7.885267917e-06
-2.198598041e-06 	 6.04014004e-06
-7.266858756e-06 	 -3.916158754e-06
-4.481340062e-07 	 1.611389355e-06
-8.702533069e-06 	 7.677728752e-07
6.06470184e-07 	 -3.111491192e-06
-9.32737792e-06 	 5.311561751e-06
7.727154938e-07 	 -7.266425544e-06
-9.027340177e-06 	 8.885823063e-06
2.025570529e-08 	 -1.009500615e-05
-7.857187537e-06 	 1.083814098e-05
-1.513562613e-06 	 -1.108092764e-05
-6.030510775e-06 	 1.081215515e-05
-3.548769381e-06 	 -1.004422878e-05
-3.880736076e-06 	 8.81260808e-06
-5.713874168e-06 	 -7.174140612e-06
-1.800264329e-06 	 5.204479983e-06
-7.613675463e-06 	 -2.994545355e-06
-1.688463008e-07 	 6.463686729e-07
-8.901398375e-06 	 1.731648846e-06
7.157330461e-07 	 -4.0297255e-06
-9.341992705e-06 	 6.141762541e-06
6.920093838e-07 	 -7.970266505e-06
-8.855037037e-06 	 9.430810797e-06
-2.356882265e-07 	 -1.045598048e-05
-7.52941749e-06 	 1.099843808e-05
-1.898026649e-06 	 -1.10331462e-05
-5.607102291e-06 	 1.055850216e-05
-3.991576589e-06 	 -9.596413346e-06
-3.438974449e-06 	 8.19130458e-06
-6.13419796e-06 	 -6.408031779e-06
-1.420784779e-06 	 4.328933519e-06
-7.93479318e-06 	 -2.049982218e-06
7.908431769e-08 	 -3.236056894e-07
-9.064695772e-06 	 2.682253726e-06
7.86859509e-07 	 -4.917076556e-06
-9.317662975e-06 	 6.924893797e-06
5.733486326e-07 	 -8.613024469e-06
-8.647521396e-06 	 9.903522209e-06
-5.224771082e-07 	 -1.073682168e-05
-7.176594326e-06 	 1.107444476e-05
-2.300595722e-06 	 -1.090080835e-05
-5.173373014e-06 	 1.022393033e-05
-4.436444133e-06 	 -9.075052437e-06
-3.00350819e-06 	 7.50722408e-06
-6.540161294e-06 	 -5.592812764e-06
-1.063067656e-06 	 3.420210715e-06
-8.227750901e-06 	 -1.089708333e-06
2.937577434e-07 	 -1.29109998e-06
-9.191173778e-06 	 3.612302221e-06
8.193044598e-07 	 -5.766743821e-06
-9.254575202e-06 	 7.654953715e-06
4.176426289e-07 	 -9.189773433e-06
-8.406383634e-06 	 1.030033451e-05
-8.379130348e-07 	 -1.093537743e-05
-6.801422032e-06 	 1.106557851e-05
-2.718184594e-06 	 -1.068492831e-05
-4.732646974e-06 	 9.811003766e-06
-4.879962601e-06 	 -8.484141691e-06
-2.577674637e-06 	 6.765609274e-06
-6.928652914e-06 	 -4.734731284e-06
-7.29854446e-07 	 2.485275892e-06
-8.490303444e-06 	 -1.210830896e-07
4.735287491e-07 	 -2.248699462e-06
-9.279863094e-06 	 4.514666586e-06
8.128192347e-07 	 -6.572215573e-06
-9.153212893e-06 	 8.326347227e-06
2.260846678e-07 	 -9.696093281e-06
-8.133471801e-06 	 1.061820657e-05
-1.179578558e-06 	 -1.105012603e-05
-6.406775868e-06 	 1.097190729e-05
-3.147592923e-06 	 -1.038716055e-05
-4.288301819e-06 	 9.322887067e-06
-5.318732921e-06 	 -7.828209758e-06
-2.164737305e-06 	 5.972143788e-06
-7.296695469e-06 	 -3.840363545e-06
-4.236988418e-07 	 1.53129426e-06
-8.720438641e-06 	 8.484701158e-07
6.170195882e-07 	 -3.189065224e-06
-9.330084025e-06 	 5.382431233e-06
7.674535229e-07 	 -7.327318785e-06
-9.014352886e-06 	 8.933928868e-06
1.428130475e-10 	 -1.012810365e-05
-7.830877462e-06 	 1.085470228e-05
-1.544855201e-06 	 -1.108018807e-05
-5.995680345e-06 	 1.079414896e-05
-3.585529773e-06 	 -1.000978715e-05
-3.843742935e-06 	 8.763321089e-06
-5.749392408e-06 	 -7.112283611e-06
-1.767860875e-06 	 5.13290863e-06
-7.641468326e-06 	 -2.916563848e-06
-1.469471726e-07 	 5.655770041e-07
-8.916392774e-06 	 1.811520776e-06
7.231305626e-07 	 -4.104990434e-06
-9.341451697e-06 	 6.208945749e-06
6.835549892e-07 	 -8.026266459e-06
-8.839059395e-06 	 9.473042222e-06
-2.584513594e-07 	 -1.048249369e-05
-7.500919659e-06 	 1.100800914e-05
-1.930943538e-06 	 -1.102533317e-05
-5.57128603e-06 	 1.053366583e-05
-4.028638853e-06 	 -9.555700222e-06
-3.402377344e-06 	 8.13659426e-06
-6.16864054e-06 	 -6.341849998e-06
-1.390086939e-06 	 4.254335577e-06
-7.960329192e-06 	 -1.970412049e-06
9.827957792e-08 	 -4.044747571e-07
-9.076664082e-06 	 2.760688219e-06
7.910484424e-07 	 -4.98945557e-06
-9.313879e-06 	 6.987875845e-06
5.61766606e-07 	 -8.663701958e-06
-8.628675854e-06 	 9.939555597e-06
-5.47716029e-07 	 -1.07565474e-05
-7.146127142e-06 	 1.107695224e-05
-2.334884642e-06 	 -1.088598174e-05
-5.136845412e-06 	 1.01924542e-05
-4.473524228e-06 	 -9.028379841e-06
-2.967587596e-06 	 7.447509722e-06
-6.573264248e-06 	 -5.52281341e-06
-1.034310695e-06 	 3.34315789e-06
-8.25083436e-06 	 -1.009159315e-06
3.101020261e-07 	 -1.371426679e-06
-9.200024277e-06 	 3.688698169e-06
8.202527058e-07 	 -5.835682216e-06
-9.247577261e-06 	 7.713251921e-06
4.030217314e-07 	 -9.234740075e-06
-8.384814621e-06 	 1.03298937e-05
-8.654343185e-07 	 -1.094816448e-05
-6.769218988e-06 	 1.10610032e-05
-2.753582761e-06 	 -1.066320174e-05
-4.695687971e-06 	 9.773129066e-06
-4.91677635e-06 	 -8.431867312e-06
-2.542705843e-06 	 6.701348517e-06
-6.960162546e-06 	 -4.66145082e-06
-7.032587527e-07 	 2.406358707e-06
-8.510757438e-06 	 -4.017253802e-08
4.86896792e-07 	 -2.327868179e-06
-9.285527952e-06 	 4.588438499e-06
8.105195243e-07 	 -6.63718501e-06
-9.143054617e-06 	 8.379514799e-06
2.085369515e-07 	 -9.735004456e-06
-8.10934462e-06 	 1.064106504e-05
-1.209171283e-06 	 -1.105587642e-05
-6.373083767e-06 	 1.096028424e-05
-3.183829047e-06 	 -1.035870055e-05
-4.251194664e-06 	 9.278904065e-06
-5.354998187e-06 	 -7.770734224e-06
-2.130988305e-06 	 5.90382912e-06
-7.326370294e-06 	 -3.764363582e-06
-3.994682407e-07 	 1.451117524e-06
-8.738106417e-06 	 9.29122116e-07
6.273089417e-07 	 -3.266469222e-06
-9.332519829e-06 	 5.453013738e-06
7.619234803e-07 	 -7.387821352e-06
-9.001112128e-06 	 8.98155834e-06
-2.019724055e-08 	 -1.016066115e-05
-7.80437702e-06 	 1.087068482e-05
-1.576292576e-06 	 -1.107885774e-05
-5.960757396e-06 	 1.077556725e-05
-3.622326148e-06 	 -9.974811816e-06
-3.80677201e-06 	 8.713566861e-06
-5.784831259e-06 	 -7.050047401e-06
-1.735590316e-06 	 5.061063603e-06
-7.669080919e-06 	 -2.838426836e-06
-1.252673633e-07 	 4.847551797e-07
-8.931138927e-06 	 1.89129612e-06
7.30262369e-07 	 -4.180036498e-06
-9.340639781e-06 	 6.275797909e-06
6.748369947e-07 	 -8.081838471e-06
-8.822837632e-06 	 9.514768567e-06
-2.814278673e-07 	 -1.0508448e-05
-7.472249052e-06 	 1.101699328e-05
-1.96398463e-06 	 -1.10169323e-05
-5.535399876e-06 	 1.050826787e-05
-4.065713474e-06 	 -9.514477611e-06
-3.365825988e-06 	 8.081450117e-06
-6.202981377e-06 	 -6.275330085e-06
-1.359542137e-06 	 4.179510802e-06
-7.985667935e-06 	 -1.890736821e-06
1.172424445e-07 	 -4.853222618e-07
-9.088375601e-06 	 2.838975521e-06
7.949680447e-07 	 -5.061568561e-06
-9.309825587e-06 	 7.05048532e-06
5.499274724e-07 	 -8.713917523e-06
-8.609597407e-06 	 9.975059033e-06
-5.731529034e-07 	 -1.077569961e-05
-7.115506097e-06 	 1.107886913e-05
-2.369276229e-06 	 -1.087057472e-05
-5.10027108e-06 	 1.016043464e-05
-4.510592961e-06 	 -8.981225873e-06
-2.931735931e-06 	 7.387398279e-06
-6.606243888e-06 	 -5.452519591e-06
-1.00572574e-06 	 3.265926814e-06
-8.273705059e-06 	 -9.285564884e-07
3.262026214e-07 	 -1.451680261e-06
-9.208611408e-06 	 3.764897447e-06
8.209300637e-07 	 -5.904309468e-06
-9.240313416e-06 	 7.771138878e-06
3.881521911e-07 	 -9.279214344e-06
-8.363025706e-06 	 1.035890213e-05
-8.931366141e-07 	 -1.096036781e-05
-6.736882183e-06 	 1.105583814e-05
-2.789061269e-06 	 -1.064090665e-05
-4.65870576e-06 	 9.734733289e-06
-4.953555104e-06 	 -8.379143368e-06
-2.507828631e-06 	 6.636730461e-06
-6.991528236e-06 	 -4.587921817e-06
-6.768527153e-07 	 2.327313217e-06
-8.530984817e-06 	 4.074016002e-08
5.000117226e-07 	 -2.406912784e-06
-9.290924884e-06 	 4.661965774e-06
8.079494454e-07 	 -6.701800574e-06
-9.132636012e-06 	 8.432235602e-06
1.907509613e-07 	 -9.773396587e-06
-8.085012224e-06 	 1.066335615e-05
-1.238926695e-06 	 -1.106103735e-05
-6.339279023e-06 	 1.094807681e-05
-3.220122575e-06 	 -1.032968825e-05
-4.214087999e-06 	 9.234426334e-06
-5.391205094e-06 	 -7.712844372e-06
-2.097352839e-06 	 5.835199673e-06
-7.35588165e-06 	 -3.68816291e-06
-3.754434932e-07 	 1.370863415e-06
-8.755535454e-06 	 1.009724581e-06
6.373376958e-07 	 -3.343699063e-06
-9.334685202e-06 	 5.523305505e-06
7.5612566e-07 	 -7.447930022e-06
-8.987618609e-06 	 9.028708942e-06
-4.076337198e-08 	 -1.019267691e-05
-7.777687624e-06 	 1.088608778e-05
-1.607873062e-06 	 -1.107693671e-05
-5.925743787e-06 	 1.075641101e-05
-3.659156545e-06 	 -9.939304655e-06
-3.76982527e-06 	 8.663348047e-06
-5.820188834e-06 	 -6.987435301e-06
-1.703454373e-06 	 4.988948732e-06
-7.696511772e-06 	 -2.760138486e-06
-1.038080277e-07 	 4.039075077e-07
-8.94563605e-06 	 1.970970628e-06
7.37128087e-07 	 -4.254859698e-06
-9.339557e-06 	 6.342315465e-06
6.658558659e-07 	 -8.136979584e-06
-8.806372612e-06 	 9.555987614e-06
-3.046165243e-07 	 -1.053384202e-05
-7.4434072e-06 	 1.102539003e-05
-1.997148162e-06 	 -1.100794404e-05
-5.499445744e-06 	 1.048230964e-05
-4.102798478e-06 	 -9.472747713e-06
-3.329322327e-06 	 8.025875091e-06
-6.237218643e-06 	 -6.208475588e-06
-1.329152001e-06 	 4.104463186e-06
-8.010808057e-06 	 -1.810960782e-06
1.359719074e-07 	 -5.661438913e-07
-9.099829707e-06 	 2.917111458e-06
7.986181083e-07 	 -5.133411683e-06
-9.305502952e-06 	 7.112718881e-06
5.378318644e-07 	 -8.763668484e-06
-8.590287073e-06 	 1.001003063e-05
-5.987863722e-07 	 -1.079427729e-05
-7.084732828e-06 	 1.108019532e-05
-2.403768646e-06 	 -1.085458811e-05
-5.063651968e-06 	 1.012787335e-05
-4.547648356e-06 	 -8.93359305e-06
-2.895955107e-06 	 7.326892959e-06
-6.639098454e-06 	 -5.381935058e-06
-9.773143155e-07 	 3.188521606e-06
-8.29636178e-06 	 -8.47904152e-07
3.420586711e-07 	 -1.531856443e-06
-9.216934713e-06 	 3.840895992e-06
8.213364983e-07 	 -5.972621918e-06
-9.232784057e-06 	 7.828611499e-06
3.730348013e-07 	 -9.323193871e-06
-8.34101805e-06 	 1.038735826e-05
-9.21018445e-07 	 -1.097198676e-05
-6.704413338e-06 	 1.105008361e-05
-2.824618227e-06 	 -1.061804421e-05
-4.621702313e-06 	 9.69581848e-06
-4.990296902e-06 	 -8.32597267e-06
-2.473044862e-06 	 6.571758551e-06
-7.022748309e-06 	 -4.514148198e-06
-6.506377438e-07 	 2.248143641e-06
-8.550984498e-06 	 1.216506852e-07
5.128728401e-07 	 -2.485829058e-06
-9.296053602e-06 	 4.735244484e-06
8.051091348e-07 	 -6.766058815e-06
-9.121957632e-06 	 8.484506819e-06
1.727276468e-07 	 -9.811267626e-06
-8.060475911e-06 	 1.068507872e-05
-1.268843204e-06 	 -1.106560853e-05
-6.30536344e-06 	 1.093528567e-05
-3.256471568e-06 	 -1.03001252e-05
-4.176983804e-06 	 9.189456248e-06
-5.42735171e-06 	 -7.654543293e-06
-2.063832702e-06 	 5.766259109e-06
-7.385227964e-06 	 -3.611765596e-06
-3.516258812e-07 	 1.290536216e-06
-8.772724822e-06 	 1.09027321e-06
6.471053158e-07 	 -3.420750626e-06
-9.336580028e-06 	 5.593302785e-06
7.500603722e-07 	 -7.507641588e-06
-8.973873048e-06 	 9.075378157e-06
-6.155448312e-08 	 -1.022414923e-05
-7.750810697e-06 	 1.090091031e-05
-1.639594974e-06 	 -1.107442508e-05
-5.89064139e-06 	 1.073668128e-05
-3.696018999e-06 	 -9.90326756e-06
-3.732904688e-06 	 8.612667328e-06
-5.855463244e-06 	 -6.924450652e-06
-1.671454759e-06 	 4.916567865e-06
-7.72375942e-06 	 -2.681702973e-06
-8.25703107e-08 	 3.230383014e-07
-8.959883368e-06 	 2.050540047e-06
7.437273499e-07 	 -4.329456038e-06
-9.338203413e-06 	 6.408494864e-06
6.566120819e-07 	 -8.191686853e-06
-8.789665215e-06 	 9.59669716e-06
-3.280160942e-07 	 -1.055867441e-05
-7.414395639e-06 	 1.103319894e-05
-2.030432365e-06 	 -1.099836886e-05
-5.463425549e-06 	 1.045579252e-05
-4.139891885e-06 	 -9.430512755e-06
-3.29286831e-06 	 7.969872146e-06
-6.271350509e-06 	 -6.141290071e-06
-1.298918152e-06 	 4.029196732e-06
-8.035748216e-06 	 -1.731088189e-06
1.544669665e-07 	 -6.469353346e-07
-9.111025786e-06 	 2.995091861e-06
8.019984372e-07 	 -5.204981103e-06
-9.300911326e-06 	 7.174573212e-06
5.254804258e-07 	 -8.812952188e-06
-8.570745882e-06 	 1.004446851e-05
-6.246150703e-07 	 -1.081227944e-05
-7.053808974e-06 	 1.108093074e-05
-2.438360055e-06 	 -1.083802276e-05
-5.026990031e-06 	 1.009477206e-05
-4.584688435e-06 	 -8.88548391e-06
-2.860247033e-06 	 7.265996988e-06
-6.671826194e-06 	 -5.311063575e-06
-9.490779381e-07 	 3.110946395e-06
-8.318803313e-06 	 -7.672066097e-07
3.576693282e-07 	 -1.611950948e-06
-9.224993748e-06 	 3.916689747e-06
8.214719861e-07 	 -6.040615921e-06
-9.224989583e-06 	 7.885666716e-06
3.576703675e-07 	 -9.366676306e-06
-8.318792827e-06 	 1.041526055e-05
-9.490783233e-07 	 -1.098302072e-05
-6.671814186e-06 	 1.104373992e-05
-2.860251737e-06 	 -1.059461565e-05
-4.584679603e-06 	 9.656386715e-06
-5.026999783e-06 	 -8.272358053e-06
-2.438356391e-06 	 6.506436252e-06
-7.053821101e-06 	 -4.440133898e-06
-6.24615236e-07 	 2.1688542e-06
-8.570755417e-06 	 2.025547234e-07
5.254794584e-07 	 -2.564612794e-06
-9.300913832e-06 	 4.808270722e-06
8.019987435e-07 	 -6.829956305e-06
-9.111020047e-06 	 8.536325663e-06
1.544679684e-07 	 -9.848615552e-06
-8.035736989e-06 	 1.070623158e-05
-1.298919217e-06 	 -1.106958972e-05
-6.271338826e-06 	 1.092191148e-05
-3.292874088e-06 	 -1.027001297e-05
-4.139884058e-06 	 9.143996203e-06
-5.463436107e-06 	 -7.595834092e-06
-2.030429681e-06 	 5.697011102e-06
-7.41440767e-06 	 -3.535175712e-06
-3.280166763e-07 	 1.210140209e-06
-8.789673604e-06 	 1.170763707e-06
6.566112783e-07 	 -3.497619803e-06
-9.338204205e-06 	 5.663001843e-06
7.437279372e-07 	 -7.566952864e-06
-8.959876177e-06 	 9.121563495e-06
-8.256946857e-08 	 -1.025507641e-05
-7.72374767e-06 	 1.091515164e-05
-1.671456623e-06 	 -1.1071323e-05
-5.855452072e-06 	 1.071637909e-05
-3.732911546e-06 	 -9.866702446e-06
-3.696012231e-06 	 8.561527402e-06
-5.890652611e-06 	 -6.861096807e-06
-1.639593183e-06 	 4.843924857e-06
-7.75082241e-06 	 -2.603124479e-06
-6.155534571e-08 	 2.421518709e-07
-8.973880121e-06 	 2.130000138e-06
7.500598045e-07 	 -4.403821543e-06
-9.33657909e-06 	 6.474332579e-06
6.471061335e-07 	 -8.245957362e-06
-8.772716328e-06 	 9.636895034e-06
-3.516253306e-07 	 -1.058294384e-05
-7.385215915e-06 	 1.104041958e-05
-2.063835467e-06 	 -1.098820728e-05
-5.427341214e-06 	 1.042871791e-05
-4.176991717e-06 	 -9.387774983e-06
-3.25646588e-06 	 7.913444267e-06
-6.305375157e-06 	 -6.073777116e-06
-1.268842202e-06 	 3.953715449e-06
-8.060487084e-06 	 -1.651123299e-06
1.72726636e-07 	 -7.276922854e-07
-9.121963242e-06 	 3.072912574e-06
8.051088518e-07 	 -5.276273007e-06
-9.296050954e-06 	 7.236045012e-06
5.128738158e-07 	 -8.861766008e-06
-8.550974875e-06 	 1.007837085e-05
-6.506376202e-07 	 -1.082970511e-05
-7.022736183e-06 	 1.108107536e-05
-2.473048611e-06 	 -1.082087956e-05
-4.990287221e-06 	 1.006113255e-05
-4.621711226e-06 	 -8.83690102e-06
-2.824613611e-06 	 7.204713612e-06
-6.704425363e-06 	 -5.23990892e-06
-9.210181107e-07 	 3.033205316e-06
-8.341028463e-06 	 -6.864681608e-07
3.73033763e-07 	 -1.691959509e-06
-9.232788086e-06 	 3.992274678e-06
8.213365225e-07 	 -6.108287856e-06
-9.216930411e-06 	 7.942301494e-06
3.420597099e-07 	 -9.409659338e-06
-8.296351223e-06 	 1.044260753e-05
-9.773147541e-07 	 -1.099346908e-05
-6.639086465e-06 	 1.103680741e-05
-2.895959901e-06 	 -1.057062221e-05
-4.547639603e-06 	 9.616440097e-06
-5.063661794e-06 	 -8.218302375e-06
-2.403765066e-06 	 6.440767046e-06
-7.084744956e-06 	 -4.36588286e-06
-5.987865779e-07 	 2.089449121e-06
-8.590296519e-06 	 2.834479634e-07
5.37830907e-07 	 -2.643259792e-06
-9.305505316e-06 	 4.881040598e-06
7.986184385e-07 	 -6.893489642e-06
-9.099823841e-06 	 8.587689375e-06
1.359728996e-07 	 -9.885438377e-06
-8.010796776e-06 	 1.072681362e-05
-1.32915313e-06 	 -1.107298071e-05
-6.237206994e-06 	 1.090795496e-05
-3.329328196e-06 	 -1.023935318e-05
-4.102790737e-06 	 9.098048623e-06
-5.499456363e-06 	 -7.536719901e-06
-1.997145554e-06 	 5.627459344e-06
-7.443419214e-06 	 -3.45839734e-06
-3.046171348e-07 	 1.129679678e-06
-8.806380899e-06 	 1.251191785e-06
6.658550796e-07 	 -3.574302498e-06
-9.339557648e-06 	 5.732398967e-06
7.371286954e-07 	 -7.625860692e-06
-8.945628743e-06 	 9.167262498e-06
-1.038072054e-07 	 -1.028545683e-05
-7.696499987e-06 	 1.0928811e-05
-1.703456308e-06 	 -1.106763062e-05
-5.820177711e-06 	 1.069550553e-05
-3.769832219e-06 	 -9.829611266e-06
-3.659149866e-06 	 8.509930998e-06
-5.925755058e-06 	 -6.797377147e-06
-1.607871339e-06 	 4.771023584e-06
-7.777699302e-06 	 -2.524407192e-06
-4.076425024e-08 	 1.612525279e-07
-8.987625567e-06 	 2.209346666e-06
7.561251157e-07 	 -4.477952249e-06
-9.334684121e-06 	 6.539825103e-06
6.373385303e-07 	 -8.299788221e-06
-8.755526858e-06 	 9.676579097e-06
-3.754429734e-07 	 -1.060664902e-05
-7.355869585e-06 	 1.104705158e-05
-2.097355684e-06 	 -1.097745984e-05
-5.39119466e-06 	 1.040108728e-05
-4.214095999e-06 	 -9.344536683e-06
-3.220116976e-06 	 7.856594464e-06
-6.339290775e-06 	 -6.005940323e-06
-1.238925752e-06 	 3.878023363e-06
-8.085023343e-06 	 -1.571070372e-06
1.907499442e-07 	 -8.084104401e-07
-9.132641495e-06 	 3.150569451e-06
8.079491877e-07 	 -5.347283598e-06
-9.290922095e-06 	 7.29713101e-06
5.000127072e-07 	 -8.910107346e-06
-8.530975108e-06 	 1.011173584e-05
-6.768526341e-07 	 -1.084655337e-05
-6.991516112e-06 	 1.108062917e-05
-2.507832466e-06 	 -1.080315941e-05
-4.953545497e-06 	 1.00269566e-05
-4.658714753e-06 	 -8.787846971e-06
-2.789056742e-06 	 7.143046101e-06
-6.736894225e-06 	 -5.168474887e-06
-8.931363301e-07 	 2.955302515e-06
-8.363036046e-06 	 -6.056931114e-07
3.88151156e-07 	 -1.771877861e-06
-9.24031731e-06 	 4.067646752e-06
8.209301146e-07 	 -6.175634114e-06
-9.208606971e-06 	 7.99851281e-06
3.262036616e-07 	 -9.452140672e-06
-8.273694434e-06 	 1.046939775e-05
-1.00572623e-06 	 -1.100333131e-05
-6.60623192e-06 	 1.102928644e-05
-2.931740812e-06 	 -1.054606517e-05
-4.510584291e-06 	 9.57598076e-06
-5.100280976e-06 	 -8.163808524e-06
-2.369272732e-06 	 6.374754438e-06
-7.115518225e-06 	 -4.291399048e-06
-5.731531467e-07 	 2.00993264e-06
-8.609606765e-06 	 3.643260895e-07
5.499265275e-07 	 -2.721765858e-06
-9.30982781e-06 	 4.953550231e-06
7.949684012e-07 	 -6.956655437e-06
-9.088369612e-06 	 8.638595217e-06
1.172434292e-07 	 -9.92173414e-06
-7.985656605e-06 	 1.074682374e-05
-1.359543328e-06 	 -1.107578132e-05
-6.202969766e-06 	 1.089341686e-05
-3.365831947e-06 	 -1.020814745e-05
-4.06570582e-06 	 9.051615964e-06
-5.535410556e-06 	 -7.477203878e-06
-1.9639821e-06 	 5.55760755e-06
-7.472261047e-06 	 -3.38143458e-06
-2.814285043e-07 	 1.049158919e-06
-8.822845815e-06 	 1.331553151e-06
6.748362272e-07 	 -3.65079462e-06
-9.340640285e-06 	 5.801490455e-06
7.302629996e-07 	 -7.684361929e-06
-8.931131508e-06 	 9.212472728e-06
-1.2526656e-07 	 -1.031528885e-05
-7.669069104e-06 	 1.094188767e-05
-1.735592323e-06 	 -1.106334815e-05
-5.784820189e-06 	 1.067406172e-05
-3.806779047e-06 	 -9.791996001e-06
-3.622319558e-06 	 8.457880869e-06
-5.960768712e-06 	 -6.733295072e-06
-1.576290923e-06 	 4.697867935e-06
-7.804388661e-06 	 -2.445555313e-06
-2.019813514e-08 	 8.034458987e-08
-9.001118969e-06 	 2.288575393e-06
7.61922959e-07 	 -4.551844201e-06
-9.332518605e-06 	 6.604968938e-06
6.27309793e-07 	 -8.353176555e-06
-8.738097722e-06 	 9.715747231e-06
-3.994677509e-07 	 -1.062978867e-05
-7.326358217e-06 	 1.105309458e-05
-2.130991229e-06 	 -1.096612711e-05
-5.354987818e-06 	 1.03729021e-05
-4.251202749e-06 	 -9.300800161e-06
-3.18382354e-06 	 7.799325773e-06
-6.37309555e-06 	 -5.937783315e-06
-1.2091704e-06 	 3.802124517e-06
-8.109355683e-06 	 -1.490933685e-06
2.085359293e-07 	 -8.890854882e-07
-9.143059973e-06 	 3.228058344e-06
8.105192936e-07 	 -5.418009084e-06
-9.285525025e-06 	 7.357827943e-06
4.868977874e-07 	 -8.95797362e-06
-8.510747648e-06 	 1.01445617e-05
-7.032587118e-07 	 -1.086282333e-05
-6.960150429e-06 	 1.107959219e-05
-2.542709762e-06 	 -1.078486328e-05
-4.916766818e-06 	 9.99224605e-06
-4.695697043e-06 	 -8.738324382e-06
-2.753578321e-06 	 7.080997744e-06
-6.769231047e-06 	 -5.096765288e-06
-8.654340824e-07 	 2.877242147e-06
-8.384824889e-06 	 -5.248857687e-07
4.030207017e-07 	 -1.85170174e-06
-9.247581019e-06 	 4.142801951e-06
8.202527843e-07 	 -6.242651104e-06
-9.200019709e-06 	 8.054297669e-06
3.101030677e-07 	 -9.494118045e-06
-8.250823669e-06 	 1.049562976e-05
-1.034311239e-06 	 -1.101260687e-05
-6.573252303e-06 	 1.102117743e-05
-2.967592566e-06 	 -1.052094585e-05
-4.47351564e-06 	 9.535010855e-06
-5.136855379e-06 	 -8.108879399e-06
-2.334881229e-06 	 6.308401944e-06
-7.146139267e-06 	 -4.216686429e-06
-5.4771631e-07 	 1.930308992e-06
-8.628685121e-06 	 4.45184792e-07
5.617656734e-07 	 -2.800126807e-06
-9.313881082e-06 	 5.025795754e-06
7.910488233e-07 	 -7.019450321e-06
-9.076657968e-06 	 8.689040471e-06
9.828055224e-08 	 -9.9575009e-06
-7.960317813e-06 	 1.076626087e-05
-1.390088194e-06 	 -1.10779914e-05
-6.168628967e-06 	 1.087829796e-05
-3.402383394e-06 	 -1.017639745e-05
-4.028631286e-06 	 9.004700696e-06
-5.571296769e-06 	 -7.417289188e-06
-1.930941084e-06 	 5.487459435e-06
-7.500931633e-06 	 -3.304291528e-06
-2.584520227e-07 	 9.685822194e-07
-8.839067473e-06 	 1.411843523e-06
6.835542402e-07 	 -3.727092091e-06
-9.341452057e-06 	 5.870272623e-06
7.231312139e-07 	 -7.742453457e-06
-8.916385242e-06 	 9.257191774e-06
-1.469463905e-07 	 -1.034457089e-05
-7.64145648e-06 	 1.095438094e-05
-1.767862955e-06 	 -1.105847581e-05
-5.749381389e-06 	 1.065204879e-05
-3.843750062e-06 	 -9.753858651e-06
-3.585523272e-06 	 8.405379787e-06
-5.995691708e-06 	 -6.668853994e-06
-1.544853616e-06 	 4.624461807e-06
-7.830889063e-06 	 -2.366573043e-06
1.41903256e-10 	 -5.676320525e-10
-9.014359608e-06 	 2.367682101e-06
7.674530246e-07 	 -4.62549346e-06
-9.330082657e-06 	 6.669760615e-06
6.170204549e-07 	 -8.40611952e-06
-8.720429848e-06 	 9.754397346e-06
-4.236983847e-07 	 -1.065236158e-05
-7.29668338e-06 	 1.105854825e-05
-2.164740309e-06 	 -1.095420969e-05
-5.318722616e-06 	 1.034416386e-05
-4.288309989e-06 	 -9.256567742e-06
-3.147587504e-06 	 7.74164124e-06
-6.406787682e-06 	 -5.869309718e-06
-1.179577733e-06 	 3.72602295e-06
-8.133482805e-06 	 -1.410717505e-06
2.260836404e-07 	 -9.697131327e-07
-9.153218119e-06 	 3.305375125e-06
8.128190289e-07 	 -5.488445693e-06
-9.279860027e-06 	 7.418132573e-06
4.735297514e-07 	 -9.005362274e-06
-8.49029357e-06 	 1.017684668e-05
-7.298544498e-07 	 -1.08785141e-05
-6.928640802e-06 	 1.107796447e-05
-2.577678642e-06 	 -1.076599212e-05
-4.879953144e-06 	 9.957002733e-06
-4.732656124e-06 	 -8.688335886e-06
-2.718180243e-06 	 7.018571845e-06
-6.801434103e-06 	 -5.024783943e-06
-8.379128476e-07 	 2.799028371e-06
-8.406393825e-06 	 -4.440504422e-07
4.17641603e-07 	 -1.931426888e-06
-9.254578823e-06 	 4.217736261e-06
8.193045642e-07 	 -6.309335248e-06
-9.191169077e-06 	 8.109653088e-06
2.937587843e-07 	 -9.53558921e-06
-8.227740146e-06 	 1.052130217e-05
-1.063068254e-06 	 -1.102129526e-05
-6.540149372e-06 	 1.101248079e-05
-3.003513249e-06 	 -1.049526557e-05
-4.436435628e-06 	 9.493532568e-06
-5.17338305e-06 	 -8.05351793e-06
-2.300592391e-06 	 6.241713103e-06
-7.176606447e-06 	 -4.14174899e-06
-5.22477426e-07 	 1.85058243e-06
-8.647530571e-06 	 5.260197538e-07
5.733477128e-07 	 -2.878338457e-06
-9.317664915e-06 	 5.097773311e-06
7.868599148e-07 	 -7.081870943e-06
-9.064689535e-06 	 8.739022445e-06
7.908528137e-08 	 -9.99273675e-06
-7.934781754e-06 	 1.078512396e-05
-1.420786097e-06 	 -1.107961082e-05
-6.134186428e-06 	 1.086259905e-05
-3.438980588e-06 	 -1.014410487e-05
-3.99156911e-06 	 8.95730532e-06
-5.607113088e-06 	 -7.356979029e-06
-1.898024271e-06 	 5.417018747e-06
-7.529429441e-06 	 -3.226972304e-06
-2.356889154e-07 	 8.879538821e-07
-8.855045008e-06 	 1.492058615e-06
6.920086537e-07 	 -3.803190838e-06
-9.341992922e-06 	 5.9387418e-06
7.157337185e-07 	 -7.800132173e-06
-8.901390733e-06 	 9.301417247e-06
-1.688455399e-07 	 -1.037330138e-05
-7.613663589e-06 	 1.096629016e-05
-1.800266482e-06 	 -1.105301386e-05
-5.713863204e-06 	 1.062946793e-05
-3.880743291e-06 	 -9.715201254e-06
-3.548762972e-06 	 8.352430555e-06
-6.030522181e-06 	 -6.604057355e-06
-1.513561096e-06 	 4.550809117e-06
-7.857199095e-06 	 -2.287464596e-06
2.025478019e-08 	 -8.14798215e-08
-9.027346779e-06 	 2.446662568e-06
7.727150179e-07 	 -4.698896098e-06
-9.327376408e-06 	 6.734196676e-06
6.064710646e-07 	 -8.458614292e-06
-8.702524178e-06 	 9.792527383e-06
-4.48133582e-07 	 -1.067436652e-05
-7.266846658e-06 	 1.106341232e-05
-2.198601125e-06 	 -1.094170823e-05
-5.282400989e-06 	 1.031487409e-05
-4.325415743e-06 	 -9.21184179e-06
-3.111410801e-06 	 7.683543944e-06
-6.440365375e-06 	 -5.800523186e-06
-1.150149326e-06 	 3.649722721e-06
-8.157403427e-06 	 -1.330426109e-06
2.433921456e-07 	 -1.050289075e-06
-9.163115395e-06 	 3.382515674e-06
8.148482747e-07 	 -5.558589674e-06
-9.273927406e-06 	 7.478041691e-06
4.59909315e-07 	 -9.052270788e-06
-8.469613967e-06 	 1.020858905e-05
-7.566384269e-07 	 -1.089362486e-05
-6.896988914e-06 	 1.107574611e-05
-2.612737241e-06 	 -1.074654695e-05
-4.843106438e-06 	 9.921228539e-06
-4.769590027e-06 	 -8.637884153e-06
-2.682864391e-06 	 6.955771736e-06
-6.833501678e-06 	 -4.95253469e-06
-8.105740902e-07 	 2.72066536e-06
-8.427741709e-06 	 -3.631914406e-07
4.320130844e-07 	 -2.011049058e-06
-9.261310352e-06 	 4.292445696e-06
8.180855084e-07 	 -6.375682996e-06
-9.182055552e-06 	 8.164576125e-06
2.771716849e-07 	 -9.576551966e-06
-8.204445095e-06 	 1.054641361e-05
-1.091995743e-06 	 -1.102939603e-05
-6.506924893e-06 	 1.100319699e-05
-3.039500947e-06 	 -1.046902572e-05
-4.39934623e-06 	 9.451548111e-06
-5.209862045e-06 	 -7.99772707e-06
-2.266408045e-06 	 6.174691471e-06
-7.206918144e-06 	 -4.066590722e-06
-4.974378371e-07 	 1.770757197e-06
-8.666142112e-06 	 6.06826672e-07
5.846720297e-07 	 -2.956396642e-06
-9.321179109e-06 	 5.169479069e-06
7.824018991e-07 	 -7.143913979e-06
-9.052464951e-06 	 8.788538479e-06
5.965863999e-08 	 -1.002743982e-05
-7.909049787e-06 	 1.080341202e-05
-1.451635403e-06 	 -1.108063952e-05
-6.099643984e-06 	 1.084632098e-05
-3.475621579e-06 	 -1.011127143e-05
-3.954521268e-06 	 8.909432364e-06
-5.642857604e-06 	 -7.296276616e-06
-1.865233413e-06 	 5.346289236e-06
-7.557752955e-06 	 -3.149481025e-06
-2.131403947e-07 	 8.072781985e-07
-8.870777569e-06 	 1.572194157e-06
7.00199018e-07 	 -3.879086814e-06
-9.342262849e-06 	 6.006894342e-06
7.080709082e-07 	 -7.857395009e-06
-8.886148778e-06 	 9.345146796e-06
-1.909628416e-07 	 -1.04014788e-05
-7.585691912e-06 	 1.097761468e-05
-1.832801179e-06 	 -1.10469626e-05
-5.678267523e-06 	 1.060632032e-05
-3.917756764e-06 	 -9.676025866e-06
-3.512040613e-06 	 8.299035992e-06
-6.065258278e-06 	 -6.538908602e-06
-1.48241503e-06 	 4.476913788e-06
-7.883317357e-06 	 -2.208234186e-06
4.013942412e-08 	 -1.623876683e-07
-9.040079789e-06 	 2.525512587e-06
7.777086587e-07 	 -4.772048205e-06
-9.324400002e-06 	 6.79827369e-06
5.956621849e-07 	 -8.510658074e-06
-8.684381666e-06 	 9.830135309e-06
-4.727720407e-07 	 -1.069580234e-05
-7.23684964e-06 	 1.106768651e-05
-2.232571872e-06 	 -1.092862338e-05
-5.246024871e-06 	 1.028503436e-05
-4.362518031e-06 	 -9.166624685e-06
-3.075295359e-06 	 7.62503698e-06
-6.473826839e-06 	 -5.731427383e-06
-1.12088675e-06 	 3.573227897e-06
-8.18111627e-06 	 -1.250063777e-06
2.604605193e-07 	 -1.13080902e-06
-9.17275127e-06 	 3.459475877e-06
8.166069198e-07 	 -5.628437285e-06
-9.267727477e-06 	 7.537552099e-06
4.46037202e-07 	 -9.098696658e-06
-8.448709939e-06 	 1.023978713e-05
-7.836092184e-07 	 -1.09081548e-05
-6.865196449e-06 	 1.107293721e-05
-2.647883692e-06 	 -1.072652879e-05
-4.806228663e-06 	 9.884925367e-06
-4.806496783e-06 	 -8.586971867e-06
-2.647632648e-06 	 6.892600759e-06
-6.865432064e-06 	 -4.880021378e-06
-7.834192683e-07 	 2.642157286e-06
-8.448867402e-06 	 -2.823130718e-07
4.46134379e-07 	 -2.090564007e-06
-9.267775246e-06 	 4.366926269e-06
8.165956802e-07 	 -6.44169081e-06
-9.172679617e-06 	 8.219063848e-06
2.603426528e-07 	 -9.617004124e-06
-8.180939759e-06 	 1.057096275e-05
-1.121092166e-06 	 -1.103690874e-05
-6.473580634e-06 	 1.099332654e-05
-3.075553742e-06 	 -1.044222768e-05
-4.362249425e-06 	 9.409059721e-06
-5.246290418e-06 	 -7.941509791e-06
-2.232330013e-06 	 6.107340617e-06
-7.237072741e-06 	 -3.991215634e-06
-4.725988801e-07 	 1.690837552e-06
-8.684518749e-06 	 6.876012364e-07
5.957380195e-07 	 -3.034297201e-06
-9.324423475e-06 	 5.240909205e-06
7.776750134e-07 	 -7.20557612e-06
-9.039984867e-06 	 8.837585931e-06
4.000166205e-08 	 -1.006160824e-05
-7.883123283e-06 	 1.082112407e-05
-1.482634467e-06 	 -1.108107742e-05
-6.065003476e-06 	 1.08294646e-05
-3.512304415e-06 	 -1.007789889e-05
-3.917489734e-06 	 8.861084379e-06
-5.678528413e-06 	 -7.235185182e-06
-1.832570259e-06 	 5.275274672e-06
-7.585900662e-06 	 -3.071821821e-06
-1.908076636e-07 	 7.265594715e-07
-8.886264317e-06 	 1.652245876e-06
7.081248952e-07 	 -3.954775966e-06
-9.342261825e-06 	 6.074726613e-06
7.001431907e-07 	 -7.91423891e-06
-8.870660191e-06 	 9.388378086e-06
-2.13297117e-07 	 -1.042910163e-05
-7.557542938e-06 	 1.09883539e-05
-1.865465312e-06 	 -1.104032234e-05
-5.642596246e-06 	 1.058260722e-05
-3.954788507e-06 	 -9.636334577e-06
-3.475358155e-06 	 8.245198943e-06
-6.099898145e-06 	 -6.47341121e-06
-1.451417079e-06 	 4.402779759e-06
-7.909242454e-06 	 -2.128886037e-06
5.979477481e-08 	 -2.432868591e-07
-9.052557959e-06 	 2.604227955e-06
7.824336801e-07 	 -4.844945879e-06
-9.321153596e-06 	 6.861988238e-06
5.845943916e-07 	 -8.562248089e-06
-8.66600328e-06 	 9.867219117e-06
-4.976124476e-07 	 -1.071666789e-05
-7.206693927e-06 	 1.10713706e-05
-2.26665074e-06 	 -1.091495584e-05
-5.209596203e-06 	 1.025464626e-05
-4.399614875e-06 	 -9.120918839e-06
-3.039243105e-06 	 7.566123468e-06
-6.507170288e-06 	 -5.662025997e-06
-1.091791566e-06 	 3.496542558e-06
-8.20462007e-06 	 -1.169634795e-06
2.772878529e-07 	 -1.211268673e-06
-9.182125232e-06 	 3.536251629e-06
8.180948725e-07 	 -5.697984804e-06
-9.261260571e-06 	 7.596660625e-06
4.31914154e-07 	 -9.14463741e-06
-8.427582603e-06 	 1.027043925e-05
-8.107653828e-07 	 -1.092210315e-05
-6.833265106e-06 	 1.106953794e-05
-2.683116118e-06 	 -1.070593874e-05
-4.769321788e-06 	 9.848095159e-06
-4.843374422e-06 	 -8.535601749e-06
-2.612486895e-06 	 6.829062289e-06
-6.897223557e-06 	 -4.807247878e-06
-7.564498295e-07 	 2.563508341e-06
-8.469769778e-06 	 -2.014196516e-07
4.600047333e-07 	 -2.169967491e-06
-9.273973161e-06 	 4.441174011e-06
8.1483516e-07 	 -6.507355171e-06
-9.163041774e-06 	 8.273113356e-06
2.432725862e-07 	 -9.656943532e-06
-8.157225392e-06 	 1.059494827e-05
-1.150355969e-06 	 -1.104383299e-05
-6.440118376e-06 	 1.098286995e-05
-3.111669711e-06 	 -1.04148729e-05
-4.325147189e-06 	 9.366069666e-06
-5.282666228e-06 	 -7.884869093e-06
-2.198360111e-06 	 6.039664138e-06
-7.267068631e-06 	 -3.915627746e-06
-4.479618767e-07 	 1.610827754e-06
-8.702659507e-06 	 7.683391414e-07
6.065450948e-07 	 -3.112035982e-06
-9.327397844e-06 	 5.312059914e-06
7.726795122e-07 	 -7.266854082e-06
-9.02724995e-06 	 8.886162192e-06
2.01153989e-08 	 -1.009524021e-05
-7.857003628e-06 	 1.083825918e-05
-1.513781634e-06 	 -1.108092451e-05
-6.030266753e-06 	 1.081203084e-05
-3.549027138e-06 	 -1.004398902e-05
-3.880476484e-06 	 8.812263946e-06
-5.714123612e-06 	 -7.17370799e-06
-1.800036549e-06 	 5.203978846e-06
-7.613871064e-06 	 -2.993998838e-06
-1.686919101e-07 	 6.45802006e-07
-8.901504428e-06 	 1.732209501e-06
7.157858659e-07 	 -4.030254262e-06
-9.341989852e-06 	 6.142234998e-06
6.919509915e-07 	 -7.970660846e-06
-8.8549258e-06 	 9.431108817e-06
-2.358471725e-07 	 -1.045616842e-05
-7.529218172e-06 	 1.099850726e-05
-1.898257135e-06 	 -1.103309344e-05
-5.606851276e-06 	 1.055832989e-05
-3.991836545e-06 	 -9.596129509e-06
-3.438717553e-06 	 8.190922286e-06
-6.134439936e-06 	 -6.407568677e-06
-1.420568894e-06 	 4.328410989e-06
-7.934973007e-06 	 -2.049424384e-06
7.921978506e-08 	 -3.241730768e-07
-9.064780626e-06 	 2.682804471e-06
7.868898325e-07 	 -4.917585235e-06
-9.317637368e-06 	 6.925336925e-06
5.732682772e-07 	 -8.61338159e-06
-8.647390001e-06 	 9.903776836e-06
-5.226534755e-07 	 -1.073696206e-05
-7.176381128e-06 	 1.10744644e-05
-2.300835908e-06 	 -1.090070635e-05
-5.173116928e-06 	 1.022371141e-05
-4.436704297e-06 	 -9.074726695e-06
-3.003255959e-06 	 7.506806554e-06
-6.540393947e-06 	 -5.592322729e-06
-1.062865322e-06 	 3.419670794e-06
-8.227913577e-06 	 -1.089143453e-06
2.9387325e-07 	 -1.291663743e-06
-9.191236783e-06 	 3.612838838e-06
8.193120546e-07 	 -5.767228521e-06
-9.254527035e-06 	 7.65536412e-06
4.175409251e-07 	 -9.190090596e-06
-8.406233087e-06 	 1.030054379e-05
-8.381054733e-07 	 -1.093546916e-05
-6.801196585e-06 	 1.106554847e-05
-2.718432641e-06 	 -1.068477787e-05
-4.732387779e-06 	 9.810739879e-06
-4.880220979e-06 	 -8.483776538e-06
-2.577429005e-06 	 6.765159714e-06
-6.928874461e-06 	 -4.734218071e-06
-7.296672123e-07 	 2.484722718e-06
-8.490447721e-06 	 -1.205154933e-07
4.736234089e-07 	 -2.249255279e-06
-9.279903766e-06 	 4.515184961e-06
8.128040421e-07 	 -6.572672577e-06
-9.153142536e-06 	 8.326721762e-06
2.259623959e-07 	 -9.696368056e-06
-8.133303258e-06 	 1.06183689e-05
-1.179785591e-06 	 -1.105016842e-05
-6.406539903e-06 	 1.097182778e-05
-3.147846926e-06 	 -1.038696282e-05
-4.288041503e-06 	 9.322580239e-06
-5.318987532e-06 	 -7.827807998e-06
-2.164500154e-06 	 5.971665642e-06
-7.296904212e-06 	 -3.839831089e-06
-4.235281433e-07 	 1.530732074e-06
-8.720563415e-06 	 8.490360775e-07
6.170926769e-07 	 -3.189608834e-06
-9.330102054e-06 	 5.382927395e-06
7.674156605e-07 	 -7.327744593e-06
-9.014260879e-06 	 8.934264665e-06
9.102156366e-13 	 -1.012833394e-05
-7.830692214e-06 	 1.085481641e-05
-1.545075243e-06 	 -1.10801808e-05
-5.995435668e-06 	 1.07940206e-05
-3.585787789e-06 	 -1.000954364e-05
-3.843483492e-06 	 8.762973669e-06
-5.749641302e-06 	 -7.111848319e-06
-1.767634021e-06 	 5.132405561e-06
-7.641662667e-06 	 -2.916016226e-06
-1.467943168e-07 	 5.650101114e-07
-8.916497088e-06 	 1.812080768e-06
7.231815193e-07 	 -4.105517673e-06
-9.341446944e-06 	 6.209415895e-06
6.83494746e-07 	 -8.026657808e-06
-8.838946442e-06 	 9.473336706e-06
-2.586118065e-07 	 -1.048267771e-05
-7.500719124e-06 	 1.100807421e-05
-1.931174903e-06 	 -1.102527628e-05
-5.571034517e-06 	 1.053348961e-05
-4.028898903e-06 	 -9.555412801e-06
-3.402120763e-06 	 8.136208911e-06
-6.168881808e-06 	 -6.341384511e-06
-1.389872123e-06 	 4.25381144e-06
-7.96050764e-06 	 -1.969853461e-06
9.84134185e-08 	 -4.050420093e-07
-9.076747137e-06 	 2.761237947e-06
7.91076877e-07 	 -4.989962397e-06
-9.313851502e-06 	 6.988316372e-06
5.616844443e-07 	 -8.664055848e-06
-8.628542821e-06 	 9.939806511e-06
-5.478937901e-07 	 -1.075668376e-05
-7.145912858e-06 	 1.107696774e-05
-2.335125555e-06 	 -1.088587567e-05
-5.136588991e-06 	 1.019223146e-05
-4.473784319e-06 	 -9.028050712e-06
-2.967335842e-06 	 7.447089398e-06
-6.573496043e-06 	 -5.522321295e-06
-1.034109561e-06 	 3.342616703e-06
-8.250995548e-06 	 -1.00859404e-06
3.102158266e-07 	 -1.371989946e-06
-9.200085436e-06 	 3.689233422e-06
8.202584005e-07 	 -5.836164747e-06
-9.247527227e-06 	 7.713659453e-06
4.029182808e-07 	 -9.235053794e-06
-8.384662528e-06 	 1.033009912e-05
-8.656280313e-07 	 -1.094825213e-05
-6.768992598e-06 	 1.106096901e-05
-2.753831378e-06 	 -1.066304732e-05
-4.695428606e-06 	 9.772861519e-06
-4.91703449e-06 	 -8.431498997e-06
-2.542460846e-06 	 6.700896439e-06
-6.960383091e-06 	 -4.660935849e-06
-7.030728429e-07 	 2.405804616e-06
-8.510900131e-06 	 -3.96049083e-08
4.869896803e-07 	 -2.328423143e-06
-9.285566746e-06 	 4.588955176e-06
8.105024354e-07 	 -6.637639548e-06
-9.142982433e-06 	 8.379886214e-06
2.084130044e-07 	 -9.735275599e-06
-8.109174632e-06 	 1.064122339e-05
-1.209379464e-06 	 -1.105591468e-05
-6.372847004e-06 	 1.096020063e-05
-3.184083462e-06 	 -1.035849894e-05
-4.250934343e-06 	 9.278593756e-06
-5.355252397e-06 	 -7.770329543e-06
-2.130751943e-06 	 5.90334875e-06
-7.326577897e-06 	 -3.7638297e-06
-3.992989807e-07 	 1.450554777e-06
-8.738229519e-06 	 9.296877487e-07
6.273802042e-07 	 -3.267011627e-06
-9.332535961e-06 	 5.453507876e-06
7.618837378e-07 	 -7.38824441e-06
-9.001018345e-06 	 8.981890788e-06
-2.034073412e-08 	 -1.016088764e-05
-7.80419044e-06 	 1.08707949e-05
-1.576513628e-06 	 -1.107884631e-05
-5.960512076e-06 	 1.077543486e-05
-3.62258441e-06 	 -9.974564569e-06
-3.806512729e-06 	 8.713216171e-06
-5.78507959e-06 	 -7.049609459e-06
-1.7353644e-06 	 5.060558625e-06
-7.669273991e-06 	 -2.837878136e-06
-1.251160504e-07 	 4.841880888e-07
-8.931241496e-06 	 1.891855421e-06
7.3031146e-07 	 -4.18056219e-06
-9.340633126e-06 	 6.276265722e-06
6.747749027e-07 	 -8.082226808e-06
-8.822722968e-06 	 9.5150595e-06
-2.815898081e-07 	 -1.050862809e-05
-7.47204731e-06 	 1.101705423e-05
-1.964216861e-06 	 -1.101687129e-05
-5.535147879e-06 	 1.050808771e-05
-4.065973606e-06 	 -9.514186621e-06
-3.365569733e-06 	 8.081061731e-06
-6.203221926e-06 	 -6.274862235e-06
-1.3593284e-06 	 4.178985086e-06
-7.985844994e-06 	 -1.890177508e-06
1.17374651e-07 	 -4.858893499e-07
-9.088456851e-06 	 2.839524203e-06
7.949945879e-07 	 -5.062073508e-06
-9.309796197e-06 	 7.05092322e-06
5.498435077e-07 	 -8.714268161e-06
-8.609462742e-06 	 9.975306221e-06
-5.733320498e-07 	 -1.077583193e-05
-7.115290739e-06 	 1.107888048e-05
-2.369517857e-06 	 -1.087046458e-05
-5.100014336e-06 	 1.016020809e-05
-4.510852967e-06 	 -8.980893371e-06
-2.931484667e-06 	 7.386975176e-06
-6.606474811e-06 	 -5.45202542e-06
-1.00552582e-06 	 3.265384387e-06
-8.273864748e-06 	 -9.279908491e-07
3.263147071e-07 	 -1.452243e-06
-9.208670715e-06 	 3.765431305e-06
8.209338552e-07 	 -5.904789801e-06
-9.240261516e-06 	 7.771543511e-06
3.880469961e-07 	 -9.279524597e-06
-8.362872071e-06 	 1.035910368e-05
-8.933315939e-07 	 -1.096045135e-05
-6.736654858e-06 	 1.105579981e-05
-2.789310444e-06 	 -1.064074823e-05
-4.658446239e-06 	 9.734462087e-06
-4.953812992e-06 	 -8.378771904e-06
-2.507584283e-06 	 6.636275884e-06
-6.991747764e-06 	 -4.587405113e-06
-6.766681426e-07 	 2.326758239e-06
-8.531125914e-06 	 4.130778991e-08
5.001028304e-07 	 -2.407466861e-06
-9.290961796e-06 	 4.662480718e-06
8.079304581e-07 	 -6.702252614e-06
-9.132562001e-06 	 8.432603868e-06
1.906253445e-07 	 -9.773664078e-06
-8.0848408e-06 	 1.066351051e-05
-1.239136013e-06 	 -1.106107147e-05
-6.339041476e-06 	 1.094798911e-05
-3.220377386e-06 	 -1.032948277e-05
-4.213827689e-06 	 9.23411256e-06
-5.391458887e-06 	 -7.712436793e-06
-2.097117281e-06 	 5.834717106e-06
-7.3560881e-06 	 -3.687627633e-06
-3.752756833e-07 	 1.37030014e-06
-8.755656876e-06 	 1.01028985e-06
6.374071266e-07 	 -3.344240231e-06
-9.334699435e-06 	 5.523797588e-06
7.560840386e-07 	 -7.448350303e-06
-8.987523054e-06 	 9.029038018e-06
-4.090844871e-08 	 -1.019289959e-05
-7.777499722e-06 	 1.088619378e-05
-1.608095113e-06 	 -1.107692114e-05
-5.925497838e-06 	 1.075627459e-05
-3.659415039e-06 	 -9.939053681e-06
-3.769566166e-06 	 8.662994105e-06
-5.820436587e-06 	 -6.986994732e-06
-1.703229409e-06 	 4.988441874e-06
-7.696703562e-06 	 -2.759588739e-06
-1.036582667e-07 	 4.033402511e-07
-8.945736868e-06 	 1.971529205e-06
7.371753086e-07 	 -4.25538381e-06
-9.339548444e-06 	 6.342780915e-06
6.657919285e-07 	 -8.137364884e-06
-8.806256244e-06 	 9.556274977e-06
-3.047799502e-07 	 -1.053401818e-05
-7.44320426e-06 	 1.102544686e-05
-1.997381246e-06 	 -1.10078789e-05
-5.499193276e-06 	 1.048212555e-05
-4.103058674e-06 	 -9.47245317e-06
-3.329066415e-06 	 8.025483692e-06
-6.237458458e-06 	 -6.208005402e-06
-1.328939356e-06 	 4.10393592e-06
-8.010983716e-06 	 -1.810400779e-06
1.361024712e-07 	 -5.667107814e-07
-9.099909147e-06 	 2.917659062e-06
7.986427587e-07 	 -5.133914722e-06
-9.305471674e-06 	 7.113154131e-06
5.377461016e-07 	 -8.764015851e-06
-8.590150785e-06 	 1.001027407e-05
-5.989668937e-07 	 -1.079440557e-05
-7.084516407e-06 	 1.108020253e-05
-2.404010975e-06 	 -1.08544739e-05
-5.063394918e-06 	 1.0127643e-05
-4.54790826e-06 	 -8.933257196e-06
-2.895704348e-06 	 7.326467104e-06
-6.639328493e-06 	 -5.381438861e-06
-9.771156184e-07 	 3.187977973e-06
-8.296519963e-06 	 -8.47338182e-07
3.421690377e-07 	 -1.532418622e-06
-9.216992168e-06 	 3.841428427e-06
8.213383885e-07 	 -5.973100029e-06
-9.232730295e-06 	 7.829013213e-06
3.729278705e-07 	 -9.323500643e-06
-8.340862886e-06 	 1.038755592e-05
-9.212146785e-07 	 -1.09720662e-05
-6.704185093e-06 	 1.105004115e-05
-2.824867945e-06 	 -1.061788182e-05
-4.62144265e-06 	 9.695543645e-06
-4.990554523e-06 	 -8.325598082e-06
-2.472801177e-06 	 6.571301504e-06
-7.022966809e-06 	 -4.513629792e-06
-6.504545169e-07 	 2.247587808e-06
-8.551123994e-06 	 1.222182838e-07
5.129621643e-07 	 -2.48638222e-06
-9.29608863e-06 	 4.73575767e-06
8.050882514e-07 	 -6.766508334e-06
-9.1218818e-06 	 8.484871919e-06
1.726003678e-07 	 -9.811531452e-06
-8.06030306e-06 	 1.068522909e-05
-1.269053647e-06 	 -1.106563851e-05
-6.305125122e-06 	 1.093519386e-05
-3.256726761e-06 	 -1.029991586e-05
-4.176723518e-06 	 9.189139027e-06
-5.427605073e-06 	 -7.654132839e-06
-2.06359796e-06 	 5.765774373e-06
-7.38543325e-06 	 -3.611228955e-06
-3.514595301e-07 	 1.289972444e-06
-8.77284456e-06 	 1.090838086e-06
6.471729117e-07 	 -3.421290528e-06
-9.336592361e-06 	 5.593792787e-06
7.500168743e-07 	 -7.50805907e-06
-8.973775726e-06 	 9.075703846e-06
-6.170113538e-08 	 -1.022436809e-05
-7.750621484e-06 	 1.090101224e-05
-1.639818012e-06 	 -1.107440537e-05
-5.890394824e-06 	 1.073654084e-05
-3.696277711e-06 	 -9.903012874e-06
-3.732645775e-06 	 8.612310155e-06
-5.855710408e-06 	 -6.92400748e-06
-1.671230758e-06 	 4.916059154e-06
-7.723949919e-06 	 -2.681152209e-06
-8.242210872e-08 	 3.22470909e-07
-8.959982431e-06 	 2.051097873e-06
7.437727004e-07 	 -4.329978544e-06
-9.338192957e-06 	 6.408957929e-06
6.56546303e-07 	 -8.192069099e-06
-8.789547149e-06 	 9.59698094e-06
-3.281809955e-07 	 -1.055884663e-05
-7.414191514e-06 	 1.103325164e-05
-2.03066629e-06 	 -1.099829961e-05
-5.463172626e-06 	 1.045560451e-05
-4.140152133e-06 	 -9.430214677e-06
-3.292612753e-06 	 7.969477756e-06
-6.271589578e-06 	 -6.140817576e-06
-1.298706609e-06 	 4.028667945e-06
-8.035922468e-06 	 -1.730527523e-06
1.545958826e-07 	 -6.47501997e-07
-9.111103414e-06 	 2.995638359e-06
8.020211955e-07 	 -5.205482208e-06
-9.300878162e-06 	 7.175005789e-06
5.253928718e-07 	 -8.813296269e-06
-8.570607979e-06 	 1.004470821e-05
-6.247969555e-07 	 -1.081240369e-05
-7.053591503e-06 	 1.108093381e-05
-2.438603071e-06 	 -1.08379045e-05
-5.026732688e-06 	 1.009453793e-05
-4.584948225e-06 	 -8.885144727e-06
-2.859996791e-06 	 7.265568406e-06
-6.672055336e-06 	 -5.31056538e-06
-9.48880474e-07 	 3.110401586e-06
-8.318959983e-06 	 -7.666403393e-07
3.577779709e-07 	 -1.612512538e-06
-9.225049348e-06 	 3.917220731e-06
8.214719765e-07 	 -6.041091784e-06
-9.224933963e-06 	 7.886065491e-06
3.575617072e-07 	 -9.366979583e-06
-8.318636142e-06 	 1.041545433e-05
-9.492758003e-07 	 -1.098309605e-05
-6.671585034e-06 	 1.104369333e-05
-2.860501985e-06 	 -1.059444929e-05
-4.584419812e-06 	 9.656108261e-06
-5.027257124e-06 	 -8.271980362e-06
-2.438113382e-06 	 6.50597676e-06
-7.054038561e-06 	 -4.439613818e-06
-6.244333647e-07 	 2.168297543e-06
-8.570893303e-06 	 2.031222596e-07
5.255669944e-07 	 -2.565165008e-06
-9.300946976e-06 	 4.808782122e-06
8.019759661e-07 	 -6.830403281e-06
-9.110942398e-06 	 8.536687579e-06
1.543390349e-07 	 -9.848875701e-06
-8.035562721e-06 	 1.070637795e-05
-1.299130772e-06 	 -1.106961556e-05
-6.271099749e-06 	 1.092181559e-05
-3.29312965e-06 	 -1.026979978e-05
-4.139623811e-06 	 9.143675554e-06
-5.463689027e-06 	 -7.595420788e-06
-2.030195766e-06 	 5.696524223e-06
-7.414611781e-06 	 -3.534637735e-06
-3.278517912e-07 	 1.209575969e-06
-8.789791651e-06 	 1.17132816e-06
6.566770375e-07 	 -3.498158411e-06
-9.33821464e-06 	 5.66348974e-06
7.436825671e-07 	 -7.567367527e-06
-8.959777095e-06 	 9.121885781e-06
-8.271768652e-08 	 -1.025529144e-05
-7.723557157e-06 	 1.091524948e-05
-1.671680634e-06 	 -1.107129915e-05
-5.855204903e-06 	 1.071623463e-05
-3.733170462e-06 	 -9.866444062e-06
-3.695753522e-06 	 8.561167017e-06
-5.89089917e-06 	 -6.860651057e-06
-1.639370156e-06 	 4.843414322e-06
-7.751011609e-06 	 -2.602572727e-06
-6.140871029e-08 	 2.415843741e-07
-8.973977424e-06 	 2.130557181e-06
7.501032823e-07 	 -4.404342415e-06
-9.336566735e-06 	 6.474793233e-06
6.470385178e-07 	 -8.246336533e-06
-8.772596571e-06 	 9.637175217e-06
-3.517916981e-07 	 -1.05831121e-05
-7.385010616e-06 	 1.104046815e-05
-2.064070218e-06 	 -1.098813392e-05
-5.427087847e-06 	 1.0428526e-05
-4.177252004e-06 	 -9.387473386e-06
-3.256210692e-06 	 7.913046907e-06
-6.305613468e-06 	 -6.073302337e-06
-1.268631772e-06 	 3.95318517e-06
-8.060659919e-06 	 -1.650562e-06
1.728538973e-07 	 -7.282586911e-07
-9.122039054e-06 	 3.073457938e-06
8.051297155e-07 	 -5.276772153e-06
-9.296015905e-06 	 7.236474895e-06
5.127844734e-07 	 -8.862106783e-06
-8.550835363e-06 	 1.007860678e-05
-6.508208612e-07 	 -1.082982531e-05
-7.022517672e-06 	 1.108107428e-05
-2.473292303e-06 	 -1.082075724e-05
-4.990029598e-06 	 1.006089465e-05
-4.621970888e-06 	 -8.836558521e-06
-2.824363899e-06 	 7.204282322e-06
-6.704653599e-06 	 -5.23940875e-06
-9.208218901e-07 	 3.032659357e-06
-8.341183611e-06 	 -6.859016166e-07
3.731406757e-07 	 -1.692520484e-06
-9.232841827e-06 	 3.992804184e-06
8.213346122e-07 	 -6.108761449e-06
-9.216872936e-06 	 7.94269731e-06
3.419493252e-07 	 -9.409959104e-06
-8.296193023e-06 	 1.044279741e-05
-9.77513465e-07 	 -1.099354031e-05
-6.638856417e-06 	 1.103675669e-05
-2.896210665e-06 	 -1.057045189e-05
-4.547379699e-06 	 9.616158039e-06
-5.06391884e-06 	 -8.2179216e-06
-2.403522745e-06 	 6.440305133e-06
-7.084961366e-06 	 -4.365361134e-06
-5.986060714e-07 	 2.088891668e-06
-8.59043279e-06 	 2.840154077e-07
5.379166505e-07 	 -2.643811032e-06
-9.305536574e-06 	 4.881550185e-06
7.985937685e-07 	 -6.89393405e-06
-9.099744381e-06 	 8.588048089e-06
1.358423191e-07 	 -9.885694836e-06
-8.010621102e-06 	 1.072695599e-05
-1.329365786e-06 	 -1.107300241e-05
-6.236967173e-06 	 1.090785499e-05
-3.329584112e-06 	 -1.023913615e-05
-4.102530543e-06 	 9.097724565e-06
-5.499708825e-06 	 -7.536303769e-06
-1.996912481e-06 	 5.626970349e-06
-7.443622139e-06 	 -3.457858057e-06
-3.044537255e-07 	 1.129115003e-06
-8.806497248e-06 	 1.251755783e-06
6.659189975e-07 	 -3.574839781e-06
-9.339566183e-06 	 5.732884731e-06
7.370814549e-07 	 -7.626272511e-06
-8.945527907e-06 	 9.167581362e-06
-1.039569816e-07 	 -1.028566802e-05
-7.696308185e-06 	 1.092890476e-05
-1.703681282e-06 	 -1.106760263e-05
-5.819929953e-06 	 1.069535707e-05
-3.770091324e-06 	 -9.829349199e-06
-3.658891375e-06 	 8.509567421e-06
-5.926001e-06 	 -6.796928844e-06
-1.6076493e-06 	 4.770511251e-06
-7.777887189e-06 	 -2.523854483e-06
-4.06191905e-08 	 1.606849575e-07
-8.987721103e-06 	 2.209902894e-06
7.561667178e-07 	 -4.478471458e-06
-9.334669867e-06 	 6.540283321e-06
6.372690812e-07 	 -8.300164296e-06
-8.755405418e-06 	 9.676855667e-06
-3.756107973e-07 	 -1.060681331e-05
-7.355663125e-06 	 1.104709601e-05
-2.09759125e-06 	 -1.097738236e-05
-5.390940865e-06 	 1.040089148e-05
-4.214356308e-06 	 -9.344231584e-06
-3.219862172e-06 	 7.856194157e-06
-6.339528312e-06 	 -6.005463287e-06
-1.238716448e-06 	 3.877491622e-06
-8.085194751e-06 	 -1.570508473e-06
1.908755431e-07 	 -8.089765559e-07
-9.132715485e-06 	 3.151113648e-06
8.079681555e-07 	 -5.347780755e-06
-9.290885163e-06 	 7.297558172e-06
4.999215816e-07 	 -8.910444794e-06
-8.530833994e-06 	 1.0111968e-05
-6.770372198e-07 	 -1.084666952e-05
-6.991296575e-06 	 1.108062395e-05
-2.508076819e-06 	 -1.080303306e-05
-4.953287608e-06 	 1.002671495e-05
-4.658974272e-06 	 -8.787501176e-06
-2.788807575e-06 	 7.142612128e-06
-6.737121539e-06 	 -5.167972772e-06
-8.929413648e-07 	 2.954755437e-06
-8.363189663e-06 	 -6.051263274e-07
3.882563318e-07 	 -1.772438185e-06
-9.240369189e-06 	 4.068174748e-06
8.209263029e-07 	 -6.176105407e-06
-9.208547644e-06 	 7.998905643e-06
3.260915581e-07 	 -9.452436908e-06
-8.273534729e-06 	 1.046958371e-05
-1.005926164e-06 	 -1.100339842e-05
-6.606000989e-06 	 1.102923159e-05
-2.931992081e-06 	 -1.05458909e-05
-4.510324286e-06 	 9.57569511e-06
-5.100537715e-06 	 -8.163424684e-06
-2.369031113e-06 	 6.374290128e-06
-7.115733571e-06 	 -4.290875703e-06
-5.729740159e-07 	 2.00937442e-06
-8.609741411e-06 	 3.648934124e-07
5.500104729e-07 	 -2.722316094e-06
-9.309857179e-06 	 4.954057977e-06
7.949418382e-07 	 -6.957097253e-06
-9.088288343e-06 	 8.638950707e-06
1.171112064e-07 	 -9.921986891e-06
-7.985479532e-06 	 1.074696209e-05
-1.359757075e-06 	 -1.107579887e-05
-6.202729212e-06 	 1.089331281e-05
-3.366088203e-06 	 -1.02079266e-05
-4.065445693e-06 	 9.051288509e-06
-5.535662547e-06 	 -7.476784936e-06
-1.96374988e-06 	 5.557116461e-06
-7.472462776e-06 	 -3.380894017e-06
-2.812665799e-07 	 1.048593837e-06
-8.822960459e-06 	 1.332116665e-06
6.748982999e-07 	 -3.65133055e-06
-9.340646919e-06 	 5.80197406e-06
7.302138906e-07 	 -7.684770885e-06
-8.931028921e-06 	 9.212788153e-06
-1.254178874e-07 	 -1.031549619e-05
-7.668876022e-06 	 1.094197734e-05
-1.735818247e-06 	 -1.106331602e-05
-5.784571854e-06 	 1.067390926e-05
-3.807038329e-06 	 -9.791730264e-06
-3.6220613e-06 	 8.457514118e-06
-5.961014025e-06 	 -6.732844238e-06
-1.576069881e-06 	 4.697353831e-06
-7.804575227e-06 	 -2.445001674e-06
-2.005465747e-08 	 7.977697425e-08
-9.001212734e-06 	 2.289130781e-06
7.619626834e-07 	 -4.552361721e-06
-9.332502454e-06 	 6.605424699e-06
6.272385132e-07 	 -8.353549516e-06
-8.737974604e-06 	 9.716020174e-06
-3.996370241e-07 	 -1.0629949e-05
-7.326150603e-06 	 1.105313488e-05
-2.131227598e-06 	 -1.096604553e-05
-5.354733606e-06 	 1.037270241e-05
-4.251463069e-06 	 -9.300491572e-06
-3.18356913e-06 	 7.798922535e-06
-6.373332304e-06 	 -5.937304043e-06
-1.208962232e-06 	 3.801591338e-06
-8.109525656e-06 	 -1.490371212e-06
2.086598595e-07 	 -8.896512873e-07
-9.143132139e-06 	 3.228601348e-06
8.105363643e-07 	 -5.418504225e-06
-9.285486212e-06 	 7.358252363e-06
4.868048828e-07 	 -8.958307725e-06
-8.51060494e-06 	 1.014479007e-05
-7.034446336e-07 	 -1.086293541e-05
-6.959929876e-06 	 1.107958282e-05
-2.542954764e-06 	 -1.078473288e-05
-4.916508677e-06 	 9.992000652e-06
-4.695956405e-06 	 -8.73797531e-06
-2.753329712e-06 	 7.080561112e-06
-6.769457427e-06 	 -5.096261255e-06
-8.652403835e-07 	 2.87669398e-06
-8.384976965e-06 	 -5.243187765e-07
4.031241345e-07 	 -1.852261384e-06
-9.247631034e-06 	 4.143328408e-06
8.202470713e-07 	 -6.243120072e-06
-9.199958531e-06 	 8.054687496e-06
3.099892513e-07 	 -9.494410735e-06
-8.250662468e-06 	 1.04958118e-05
-1.034512383e-06 	 -1.101266986e-05
-6.573020502e-06 	 1.102111845e-05
-2.967844324e-06 	 -1.052076764e-05
-4.473255549e-06 	 9.534721632e-06
-5.137111795e-06 	 -8.108492517e-06
-2.334640325e-06 	 6.307935263e-06
-7.146353539e-06 	 -4.216161494e-06
-5.475385642e-07 	 1.929750038e-06
-8.628818136e-06 	 4.457519605e-07
5.618478162e-07 	 -2.800676007e-06
-9.313908561e-06 	 5.02630163e-06
7.910203698e-07 	 -7.019889521e-06
-9.076574895e-06 	 8.689392717e-06
9.814669573e-08 	 -9.957749932e-06
-7.960139352e-06 	 1.076639519e-05
-1.39030302e-06 	 -1.10780048e-05
-6.168387693e-06 	 1.087818983e-05
-3.402639978e-06 	 -1.017617278e-05
-4.028371238e-06 	 9.004369864e-06
-5.571548276e-06 	 -7.416867461e-06
-1.930709731e-06 	 5.486966282e-06
-7.501132155e-06 	 -3.303749716e-06
-2.582915917e-07 	 9.680167617e-07
-8.839180407e-06 	 1.412406522e-06
6.836144648e-07 	 -3.72762664e-06
-9.341456791e-06 	 5.870754044e-06
7.230802389e-07 	 -7.742859525e-06
-8.916280911e-06 	 9.257503742e-06
-1.470992607e-07 	 -1.034477436e-05
-7.641262128e-06 	 1.095446651e-05
-1.768089816e-06 	 -1.105843954e-05
-5.749132492e-06 	 1.065189235e-05
-3.844009506e-06 	 -9.753589259e-06
-3.585265261e-06 	 8.405009883e-06
-5.995936377e-06 	 -6.668400656e-06
-1.544633586e-06 	 4.623945962e-06
-7.831074297e-06 	 -2.366018506e-06
2.83789776e-10 	 -1.135259997e-09
-9.014451596e-06 	 2.368236615e-06
7.674908686e-07 	 -4.626009261e-06
-9.330064609e-06 	 6.67021389e-06
6.169473481e-07 	 -8.406489343e-06
-8.720305057e-06 	 9.754666645e-06
-4.238690976e-07 	 -1.065251792e-05
-7.296474625e-06 	 1.105858442e-05
-2.164977468e-06 	 -1.095412401e-05
-5.318468002e-06 	 1.034396029e-05
-4.288570305e-06 	 -9.256255683e-06
-3.147333506e-06 	 7.741235096e-06
-6.407023638e-06 	 -5.868828239e-06
-1.179370712e-06 	 3.725488363e-06
-8.133651333e-06 	 -1.410154491e-06
2.262058951e-07 	 -9.702785825e-07
-9.153288456e-06 	 3.305916906e-06
8.128342019e-07 	 -5.488938793e-06
-9.279819334e-06 	 7.418554229e-06
4.734350729e-07 	 -9.005693018e-06
-8.490149275e-06 	 1.017707124e-05
-7.300416975e-07 	 -1.087862212e-05
-6.928419245e-06 	 1.107795095e-05
-2.577924281e-06 	 -1.076585769e-05
-4.879694765e-06 	 9.956753603e-06
-4.732915317e-06 	 -8.687983552e-06
-2.717932204e-06 	 7.018132574e-06
-6.801659538e-06 	 -5.024278014e-06
-8.377204238e-07 	 2.798479141e-06
-8.406544354e-06 	 -4.434832672e-07
4.177432882e-07 	 -1.931985825e-06
-9.25462697e-06 	 4.218261156e-06
8.192969499e-07 	 -6.309801868e-06
-9.191106052e-06 	 8.110039892e-06
2.936432596e-07 	 -9.53587834e-06
-8.227577454e-06 	 1.052148028e-05
-1.063270601e-06 	 -1.102135413e-05
-6.53991671e-06 	 1.101241769e-05
-3.003765485e-06 	 -1.049508343e-05
-4.436175463e-06 	 9.493239782e-06
-5.173639133e-06 	 -8.053128022e-06
-2.300352213e-06 	 6.241244072e-06
-7.176819634e-06 	 -4.141222489e-06
-5.223010732e-07 	 1.850022765e-06
-8.647661948e-06 	 5.265867442e-07
5.734280493e-07 	 -2.878886597e-06
-9.317690502e-06 	 5.098277295e-06
7.868295712e-07 	 -7.082307506e-06
-9.064604662e-06 	 8.739371433e-06
7.894979671e-08 	 -9.99298205e-06
-7.934601912e-06 	 1.078525425e-05
-1.421001993e-06 	 -1.107962009e-05
-6.133944445e-06 	 1.086248686e-05
-3.439237487e-06 	 -1.01438764e-05
-3.991309155e-06 	 8.956971126e-06
-5.607364099e-06 	 -7.356554536e-06
-1.897793794e-06 	 5.416523551e-06
-7.529628746e-06 	 -3.226429267e-06
-2.355299854e-07 	 8.873880732e-07
-8.855156226e-06 	 1.492621074e-06
6.920670268e-07 	 -3.803723982e-06
-9.341995753e-06 	 5.939221014e-06
7.156808797e-07 	 -7.800535336e-06
-8.901284661e-06 	 9.301725746e-06
-1.689999463e-07 	 -1.037350098e-05
-7.613467976e-06 	 1.096637163e-05
-1.800494272e-06 	 -1.105297345e-05
-5.713613754e-06 	 1.06293075e-05
-3.881002885e-06 	 -9.714928215e-06
-3.548505218e-06 	 8.352057512e-06
-6.030766196e-06 	 -6.603601528e-06
-1.513342087e-06 	 4.550291551e-06
-7.85738299e-06 	 -2.286909184e-06
2.039506904e-08 	 -8.204743845e-08
-9.027436986e-06 	 2.447216185e-06
7.727509793e-07 	 -4.699410158e-06
-9.327356463e-06 	 6.734647446e-06
6.063961341e-07 	 -8.458980962e-06
-8.70239772e-06 	 9.792793026e-06
-4.483057277e-07 	 -1.067451888e-05
-7.266636771e-06 	 1.106344435e-05
-2.198839064e-06 	 -1.094161845e-05
-5.282145983e-06 	 1.031466665e-05
-4.325676043e-06 	 -9.211526273e-06
-3.111157224e-06 	 7.683134911e-06
-6.440600524e-06 	 -5.800039519e-06
-1.149943463e-06 	 3.64918675e-06
-8.157570502e-06 	 -1.329862578e-06
2.43512719e-07 	 -1.050854151e-06
-9.1631839e-06 	 3.383056208e-06
8.148615491e-07 	 -5.559080711e-06
-9.273884837e-06 	 7.478460563e-06
4.598128676e-07 	 -9.052598157e-06
-8.469468093e-06 	 1.02088098e-05
-7.56826992e-07 	 -1.089372881e-05
-6.896766363e-06 	 1.107572845e-05
-2.612983505e-06 	 -1.074640849e-05
-4.842847832e-06 	 9.920975689e-06
-4.769849037e-06 	 -8.637528576e-06
-2.682616934e-06 	 6.955329849e-06
-6.833726159e-06 	 -4.952026893e-06
-8.103829509e-07 	 2.720115095e-06
-8.427890684e-06 	 -3.626241122e-07
4.321130176e-07 	 -2.01160726e-06
-9.26135663e-06 	 4.292969e-06
8.180759944e-07 	 -6.376147245e-06
-9.181990685e-06 	 8.164959886e-06
2.770544604e-07 	 -9.576837523e-06
-8.204280924e-06 	 1.054658778e-05
-1.092199282e-06 	 -1.102945077e-05
-6.506691384e-06 	 1.100312978e-05
-3.039753647e-06 	 -1.046883965e-05
-4.399086006e-06 	 9.451251782e-06
-5.210117781e-06 	 -7.99733416e-06
-2.266168605e-06 	 6.174220116e-06
-7.207130235e-06 	 -4.066062685e-06
-4.972628867e-07 	 1.770196854e-06
-8.666271845e-06 	 6.07393451e-07
5.847505566e-07 	 -2.956943692e-06
-9.321202804e-06 	 5.169981135e-06
7.823696692e-07 	 -7.144347883e-06
-9.052378283e-06 	 8.78888419e-06
5.952153556e-08 	 -1.002768137e-05
-7.908868575e-06 	 1.080353828e-05
-1.451852356e-06 	 -1.108064464e-05
-6.099401306e-06 	 1.084620473e-05
-3.47587878e-06 	 -1.011103918e-05
-3.954261419e-06 	 8.909094828e-06
-5.643108105e-06 	 -7.295849381e-06
-1.865003825e-06 	 5.345792026e-06
-7.557951031e-06 	 -3.148936795e-06
-2.12982974e-07 	 8.067120719e-07
-8.870887066e-06 	 1.572756044e-06
7.002555372e-07 	 -3.879618521e-06
-9.34226378e-06 	 6.007371323e-06
7.080162093e-07 	 -7.857795244e-06
-8.886040973e-06 	 9.345451808e-06
-1.911187748e-07 	 -1.040167451e-05
-7.585495048e-06 	 1.097769205e-05
-1.833029884e-06 	 -1.104691805e-05
-5.678017536e-06 	 1.060615592e-05
-3.918016494e-06 	 -9.675749201e-06
-3.511783132e-06 	 8.298659834e-06
-6.065501625e-06 	 -6.538450318e-06
-1.482197054e-06 	 4.476394533e-06
-7.883499901e-06 	 -2.207677934e-06
4.027810882e-08 	 -1.629552401e-07
-9.040168211e-06 	 2.526065275e-06
7.777427369e-07 	 -4.772560493e-06
-9.324378162e-06 	 6.798721928e-06
5.955854366e-07 	 -8.51102157e-06
-8.684253551e-06 	 9.830397281e-06
-4.729456068e-07 	 -1.06959507e-05
-7.236638635e-06 	 1.10677144e-05
-2.232810575e-06 	 -1.092852951e-05
-5.245769491e-06 	 1.028482307e-05
-4.362778299e-06 	 -9.166305733e-06
-3.075042219e-06 	 7.624625087e-06
-6.474061165e-06 	 -5.730941564e-06
-1.120682056e-06 	 3.572690579e-06
-8.181281883e-06 	 -1.249499767e-06
2.605794055e-07 	 -1.131373685e-06
-9.17281794e-06 	 3.460015128e-06
8.166182969e-07 	 -5.62892623e-06
-9.267683034e-06 	 7.537968162e-06
4.459389933e-07 	 -9.099020633e-06
-8.448562497e-06 	 1.024000406e-05
-7.837990864e-07 	 -1.090825467e-05
-6.86497292e-06 	 1.107291541e-05
-2.648130563e-06 	 -1.072638633e-05
-4.805969848e-06 	 9.884668817e-06
-4.806755594e-06 	 -8.586613074e-06
-2.647385789e-06 	 6.892156288e-06
-6.865655575e-06 	 -4.879511747e-06
-7.832294243e-07 	 2.641606023e-06
-8.449014815e-06 	 -2.817456258e-07
4.46232555e-07 	 -2.091121439e-06
-9.267819653e-06 	 4.367447953e-06
8.165842685e-07 	 -6.442152662e-06
-9.172612912e-06 	 8.219444547e-06
2.602237358e-07 	 -9.617286094e-06
-8.180774119e-06 	 1.057113297e-05
-1.121296882e-06 	 -1.103695936e-05
-6.473346293e-06 	 1.099325521e-05
-3.07580689e-06 	 -1.044203771e-05
-4.361989157e-06 	 9.408759869e-06
-5.246545791e-06 	 -7.941113903e-06
-2.232091325e-06 	 6.10686697e-06
-7.237283725e-06 	 -3.990686094e-06
-4.724253405e-07 	 1.690276564e-06
-8.684646833e-06 	 6.881677725e-07
5.958147343e-07 	 -3.034843132e-06
-9.324445279e-06 	 5.241409326e-06
7.776409004e-07 	 -7.206007343e-06
-9.039896411e-06 	 8.83792835e-06
3.986294813e-08 	 -1.006184605e-05
-7.882940714e-06 	 1.082124629e-05
-1.482852462e-06 	 -1.10810784e-05
-6.064760118e-06 	 1.08293443e-05
-3.512561901e-06 	 -1.007766286e-05
-3.917230008e-06 	 8.860743524e-06
-5.67877839e-06 	 -7.234755234e-06
-1.832341573e-06 	 5.27477548e-06
-7.586097501e-06 	 -3.071276431e-06
-1.906517591e-07 	 7.259930594e-07
-8.886372089e-06 	 1.652807159e-06
7.0817956e-07 	 -3.95530621e-06
-9.342260858e-06 	 6.075201337e-06
7.000866374e-07 	 -7.914636198e-06
-8.870550661e-06 	 9.388679598e-06
-2.134545656e-07 	 -1.042929345e-05
-7.557344839e-06 	 1.098842717e-05
-1.865694916e-06 	 -1.104027367e-05
-5.642345736e-06 	 1.058243887e-05
-3.955048358e-06 	 -9.636054306e-06
-3.475100961e-06 	 8.244819697e-06
-6.10014081e-06 	 -6.472950497e-06
-1.451200146e-06 	 4.402258848e-06
-7.90942364e-06 	 -2.128328976e-06
5.993184859e-08 	 -2.438543531e-07
-9.052644593e-06 	 2.604779683e-06
7.824658754e-07 	 -4.84545637e-06
-9.321129866e-06 	 6.862433925e-06
5.845158315e-07 	 -8.562608395e-06
-8.665873516e-06 	 9.867477411e-06
-4.977874237e-07 	 -1.071681225e-05
-7.206481816e-06 	 1.107139436e-05
-2.266890193e-06 	 -1.09148579e-05
-5.209340462e-06 	 1.025443114e-05
-4.399875098e-06 	 -9.120596471e-06
-3.038990414e-06 	 7.565708737e-06
-6.507403782e-06 	 -5.661538049e-06
-1.091588049e-06 	 3.496003918e-06
-8.204784215e-06 	 -1.169070332e-06
2.774050468e-07 	 -1.211832901e-06
-9.182190065e-06 	 3.536789575e-06
8.181043522e-07 	 -5.698471632e-06
-9.261214259e-06 	 7.597073862e-06
4.318141889e-07 	 -9.144957977e-06
-8.427433599e-06 	 1.027065235e-05
-8.109565461e-07 	 -1.092219894e-05
-6.833040608e-06 	 1.1069512e-05
-2.683363586e-06 	 -1.070579226e-05
-4.769062775e-06 	 9.84783492e-06
-4.843633024e-06 	 -8.535239754e-06
-2.612240645e-06 	 6.828615251e-06
-6.897446089e-06 	 -4.806736434e-06
-7.562612901e-07 	 2.562956102e-06
-8.469915621e-06 	 -2.008521132e-07
4.601011475e-07 	 -2.170524129e-06
-9.274015694e-06 	 4.44169405e-06
8.1482185e-07 	 -6.507814603e-06
-9.162973234e-06 	 8.273490971e-06
2.431519814e-07 	 -9.657221897e-06
-8.157058289e-06 	 1.059511454e-05
-1.150561854e-06 	 -1.104387948e-05
-6.439883213e-06 	 1.098279452e-05
-3.111923296e-06 	 -1.041467902e-05
-4.32488689e-06 	 9.365766302e-06
-5.282921225e-06 	 -7.884470245e-06
-2.198122189e-06 	 6.039188218e-06
-7.267278495e-06 	 -3.915096725e-06
-4.477897589e-07 	 1.610266148e-06
-8.702785932e-06 	 7.689054057e-07
6.066199905e-07 	 -3.112580763e-06
-9.327417752e-06 	 5.31255806e-06
7.726435149e-07 	 -7.267282597e-06
-9.027159708e-06 	 8.886501294e-06
1.997507947e-08 	 -1.009547425e-05
-7.856819708e-06 	 1.083837734e-05
-1.514000662e-06 	 -1.108092134e-05
-6.030022728e-06 	 1.081190649e-05
-3.549284896e-06 	 -1.004374923e-05
-3.880216894e-06 	 8.811919787e-06
-5.714373051e-06 	 -7.173275349e-06
-1.799808778e-06 	 5.203477696e-06
-7.614066654e-06 	 -2.993452315e-06
-1.685375327e-07 	 6.4523534e-07
-8.901610466e-06 	 1.732770149e-06
7.158386706e-07 	 -4.030783009e-06
-9.341986985e-06 	 6.142707435e-06
6.918925848e-07 	 -7.971055162e-06
-8.854814549e-06 	 9.431406808e-06
-2.360061298e-07 	 -1.045635633e-05
-7.529018846e-06 	 1.099857642e-05
-1.898487629e-06 	 -1.103304064e-05
-5.606600256e-06 	 1.055815758e-05
-3.992096503e-06 	 -9.595845642e-06
-3.43846066e-06 	 8.190539967e-06
-6.134681907e-06 	 -6.407105556e-06
-1.420353018e-06 	 4.327888445e-06
-7.935152823e-06 	 -2.048866541e-06
7.935524041e-08 	 -3.247404653e-07
-9.064865466e-06 	 2.683355211e-06
7.869201418e-07 	 -4.9180939e-06
-9.317611746e-06 	 6.925780034e-06
5.73187908e-07 	 -8.613738686e-06
-8.647258594e-06 	 9.904031434e-06
-5.228298532e-07 	 -1.07371024e-05
-7.176167921e-06 	 1.107448402e-05
-2.3010761e-06 	 -1.090060433e-05
-5.172860839e-06 	 1.022349246e-05
-4.43696446e-06 	 -9.074400926e-06
-3.003003733e-06 	 7.506389006e-06
-6.540626594e-06 	 -5.591832678e-06
-1.062662996e-06 	 3.419130863e-06
-8.228076242e-06 	 -1.088578569e-06
2.939887443e-07 	 -1.292227502e-06
-9.191299774e-06 	 3.613375446e-06
8.193196356e-07 	 -5.767713205e-06
-9.254478855e-06 	 7.655774504e-06
4.174392089e-07 	 -9.190407735e-06
-8.40608253e-06 	 1.030075304e-05
-8.382979201e-07 	 -1.093556087e-05
-6.800971133e-06 	 1.106551839e-05
-2.718680691e-06 	 -1.06846274e-05
-4.732128584e-06 	 9.810475967e-06
-4.880479355e-06 	 -8.483411364e-06
-2.577183378e-06 	 6.764710136e-06
-6.929096001e-06 	 -4.733704845e-06
-7.294799877e-07 	 2.484169537e-06
-8.490591987e-06 	 -1.199478957e-07
4.737180562e-07 	 -2.24981109e-06
-9.279944424e-06 	 4.515703325e-06
8.12788836e-07 	 -6.573129564e-06
-9.153072166e-06 	 8.327096275e-06
2.258401115e-07 	 -9.696642805e-06
