0 	 0
-5.480514583e-07 	 1.48874627e-07
4.744207914e-08 	 -2.904161815e-07
-5.661614404e-07 	 4.176527575e-07
3.53279553e-08 	 -5.243171325e-07
-5.244198777e-07 	 6.051553207e-07
-3.39849582e-08 	 -6.561855345e-07
-4.30949718e-07 	 6.748941628e-07
-1.470083148e-07 	 -6.603596902e-07
-3.03940333e-07 	 6.132980456e-07
-2.817476759e-07 	 -5.360273077e-07
-1.681078506e-07 	 4.323536213e-07
-4.119826463e-07 	 -3.07383573e-07
-4.988537874e-08 	 1.672728233e-07
-5.123693889e-07 	 -1.892274526e-08
2.77208959e-08 	 -1.303594047e-07
-5.633725592e-07 	 2.732204641e-07
4.960872839e-08 	 -4.026235844e-07
-5.550669007e-07 	 5.121947487e-07
1.151872401e-08 	 -5.965368799e-07
-4.890687067e-07 	 6.51495517e-07
-7.913677586e-08 	 -6.74363605e-07
-3.782212839e-07 	 6.640147233e-07
-2.047161384e-07 	 -6.209586176e-07
-2.440956314e-07 	 5.473161166e-07
-3.40781514e-07 	 -4.467145741e-07
-1.127927076e-07 	 3.241093399e-07
-4.608544633e-07 	 -1.8553951e-07
-9.864164447e-09 	 3.783061608e-08
-5.415686878e-07 	 1.117416941e-07
4.466002068e-08 	 -2.558099775e-07
-5.672171328e-07 	 3.872778735e-07
4.016939418e-08 	 -4.996697362e-07
-5.328085939e-07 	 5.874494628e-07
-2.246216941e-08 	 -6.462933495e-07
-4.450390061e-07 	 6.733029057e-07
-1.310465199e-07 	 -6.671477435e-07
-3.209884061e-07 	 6.281310495e-07
-2.644530538e-07 	 -5.58174638e-07
-1.847971401e-07 	 4.607243714e-07
-3.967207455e-07 	 -3.405802911e-07
-6.296813583e-08 	 2.036603481e-07
-5.02110188e-07 	 -5.670874315e-08
2.079058618e-08 	 -9.30361474e-08
-5.601125074e-07 	 2.381983724e-07
5.017951029e-08 	 -3.716277312e-07
-5.594404062e-07 	 4.867518908e-07
1.947952368e-08 	 -5.779002503e-07
-5.002246811e-07 	 6.405830944e-07
-6.533513603e-08 	 -6.717129025e-07
-3.939887649e-07 	 6.697563025e-07
