-6.27644e-10 0.000392888
1.55676e-10 0.000392888
5.52792e-10 0.000392888
-4.18542e-10 0.000392888
-3.53953e-10 0.000392888
5.86574e-10 0.000392888
7.55875e-11 0.000392888
-6.21249e-10 0.000392888
2.1706e-10 0.000392888
5.18991e-10 0.000392888
-4.60084e-10 0.000392888
-3.04738e-10 0.000392888
6.01968e-10 0.000392888
2.54587e-11 0.000392888
-6.1393e-10 0.000392888
2.56779e-10 0.000392888
4.93884e-10 0.000392888
-4.8702e-10 0.000392888
-2.67455e-10 0.000392888
6.11323e-10 0.000392888
-1.65734e-11 0.000392888
-6.03062e-10 0.000392888
2.96314e-10 0.000392888
4.64468e-10 0.000392888
-5.13893e-10 0.000392888
-2.25175e-10 0.000392888
6.19778e-10 0.000392888
-6.20162e-11 0.000392888
-5.9104e-10 0.000392888
3.3641e-10 0.000392888
4.33523e-10 0.000392888
-5.38698e-10 0.000392888
-1.82126e-10 0.000392888
6.24517e-10 0.000392888
-1.07658e-10 0.000392888
-5.73497e-10 0.000392888
3.72779e-10 0.000392888
3.99254e-10 0.000392888
-5.60199e-10 0.000392888
-1.38225e-10 0.000392888
6.25441e-10 0.000392888
-1.51427e-10 0.000392888
-5.54856e-10 0.000392888
4.07358e-10 0.000392888
3.65119e-10 0.000392888
-5.78723e-10 0.000392888
-9.66409e-11 0.000392888
6.24372e-10 0.000392888
-1.92447e-10 0.000392888
-5.33444e-10 0.000392888
4.39734e-10 0.000392888
3.29166e-10 0.000392888
-5.9358e-10 0.000392888
-5.26299e-11 0.000392888
6.18808e-10 0.000392888
-2.33769e-10 0.000392888
-5.09022e-10 0.000392888
4.69566e-10 0.000392888
2.90619e-10 0.000392888
-6.0567e-10 0.000392888
-8.60112e-12 0.000392888
6.10012e-10 0.000392888
-2.73928e-10 0.000392888
-4.82309e-10 0.000392888
4.96303e-10 0.000392888
2.51504e-10 0.000392888
-6.14545e-10 0.000392888
3.47455e-11 0.000392888
5.98746e-10 0.000392888
-3.12863e-10 0.000392888
-4.52943e-10 0.000392888
5.21521e-10 0.000392888
2.09422e-10 0.000392888
-6.1965e-10 0.000392888
7.88098e-11 0.000392888
5.84308e-10 0.000392888
-3.4991e-10 0.000392888
-4.21299e-10 0.000392888
5.44834e-10 0.000392888
1.67226e-10 0.000392888
-6.22919e-10 0.000392888
1.22544e-10 0.000392888
5.67702e-10 0.000392888
-3.8581e-10 0.000392888
-3.88042e-10 0.000392888
5.64487e-10 0.000392888
1.25027e-10 0.000392888
-6.23071e-10 0.000392888
1.6481e-10 0.000392888
5.47665e-10 0.000392888
-4.1975e-10 0.000392888
-3.52745e-10 0.000392888
5.81959e-10 0.000392888
8.19647e-11 0.000392888
-6.2089e-10 0.000392888
2.07383e-10 0.000392888
5.26164e-10 0.000392888
-4.51863e-10 0.000392888
-3.15882e-10 0.000392888
5.97613e-10 0.000392888
3.78577e-11 0.000392888
-6.15604e-10 0.000392888
2.4928e-10 0.000392888
5.01366e-10 0.000392888
-4.82039e-10 0.000392888
-2.7789e-10 0.000392888
6.09269e-10 0.000392888
-5.92593e-12 0.000392888
-6.07418e-10 0.000392888
2.88399e-10 0.000392888
4.74493e-10 0.000392888
-5.08926e-10 0.000392888
-2.39091e-10 0.000392888
6.18506e-10 0.000392888
-4.81357e-11 0.000392888
-5.95517e-10 0.000392888
3.25755e-10 0.000392888
4.45468e-10 0.000392888
-5.32289e-10 0.000392888
-1.98348e-10 0.000392888
6.23384e-10 0.000392888
-9.12905e-11 0.000392888
-5.80314e-10 0.000392888
3.61204e-10 0.000392888
4.13468e-10 0.000392888
-5.52646e-10 0.000392888
-1.57769e-10 0.000392888
6.24137e-10 0.000392888
-1.32605e-10 0.000392888
-5.62309e-10 0.000392888
3.94419e-10 0.000392888
3.80748e-10 0.000392888
-5.71152e-10 0.000392888
-1.16252e-10 0.000392888
6.24304e-10 0.000392888
-1.73433e-10 0.000392888
-5.4272e-10 0.000392888
4.2597e-10 0.000392888
3.46301e-10 0.000392888
-5.87516e-10 0.000392888
-7.39107e-11 0.000392888
6.19718e-10 0.000392888
-2.14435e-10 0.000392888
-5.18529e-10 0.000392888
4.56424e-10 0.000392888
3.08269e-10 0.000392888
-6.00277e-10 0.000392888
-3.0024e-11 0.000392888
6.13248e-10 0.000392888
-2.54694e-10 0.000392888
-4.93408e-10 0.000392888
4.83357e-10 0.000392888
2.69804e-10 0.000392888
-6.09855e-10 0.000392888
1.21751e-11 0.000392888
6.03038e-10 0.000392888
-2.91763e-10 0.000392888
-4.66102e-10 0.000392888
5.08557e-10 0.000392888
2.30969e-10 0.000392888
-6.16289e-10 0.000392888
5.42499e-11 0.000392888
5.91285e-10 0.000392888
-3.28988e-10 0.000392888
-4.37304e-10 0.000392888
5.3198e-10 0.000392888
1.90518e-10 0.000392888
-6.21156e-10 0.000392888
9.68292e-11 0.000392888
5.75724e-10 0.000392888
-3.64558e-10 0.000392888
-4.05585e-10 0.000392888
5.53324e-10 0.000392888
1.48592e-10 0.000392888
-6.2408e-10 0.000392888
1.39586e-10 0.000392888
5.58884e-10 0.000392888
-3.98099e-10 0.000392888
-3.72044e-10 0.000392888
5.71312e-10 0.000392888
1.07409e-10 0.000392888
-6.21874e-10 0.000392888
1.80286e-10 0.000392888
5.37764e-10 0.000392888
-4.29427e-10 0.000392888
-3.37455e-10 0.000392888
5.8602e-10 0.000392888
6.51212e-11 0.000392888
-6.16208e-10 0.000392888
2.20002e-10 0.000392888
5.14024e-10 0.000392888
-4.58517e-10 0.000392888
-2.99615e-10 0.000392888
5.97669e-10 0.000392888
2.19238e-11 0.000392888
-6.08477e-10 0.000392888
2.59583e-10 0.000392888
4.87276e-10 0.000392888
-4.86342e-10 0.000392888
-2.60428e-10 0.000392888
6.07223e-10 0.000392888
-2.21831e-11 0.000392888
-5.98195e-10 0.000392888
2.99025e-10 0.000392888
4.59323e-10 0.000392888
-5.11072e-10 0.000392888
-2.20403e-10 0.000392888
6.13777e-10 0.000392888
-6.50822e-11 0.000392888
-5.8445e-10 0.000392888
3.35934e-10 0.000392888
4.28599e-10 0.000392888
-5.34374e-10 0.000392888
-1.79028e-10 0.000392888
6.17085e-10 0.000392888
-1.0948e-10 0.000392888
-5.67454e-10 0.000392888
3.72154e-10 0.000392888
3.95303e-10 0.000392888
-5.55303e-10 0.000392888
-1.35469e-10 0.000392888
6.18936e-10 0.000392888
-1.53019e-10 0.000392888
-5.48013e-10 0.000392888
4.07454e-10 0.000392888
3.59545e-10 0.000392888
-5.73522e-10 0.000392888
-9.15321e-11 0.000392888
6.15962e-10 0.000392888
-1.95584e-10 0.000392888
-5.25024e-10 0.000392888
4.38337e-10 0.000392888
3.21993e-10 0.000392888
-5.8802e-10 0.000392888
-4.72049e-11 0.000392888
6.0961e-10 0.000392888
-2.36614e-10 0.000392888
-4.9971e-10 0.000392888
4.68621e-10 0.000392888
2.82647e-10 0.000392888
-5.99218e-10 0.000392888
-3.23297e-12 0.000392888
6.00899e-10 0.000392888
-2.77037e-10 0.000392888
-4.72209e-10 0.000392888
4.95398e-10 0.000392888
2.42643e-10 0.000392888
-6.07837e-10 0.000392888
4.01954e-11 0.000392888
5.8834e-10 0.000392888
-3.15708e-10 0.000392888
-4.42569e-10 0.000392888
5.21226e-10 0.000392888
2.01638e-10 0.000392888
-6.13447e-10 0.000392888
8.40501e-11 0.000392888
5.73937e-10 0.000392888
-3.51985e-10 0.000392888
-4.10722e-10 0.000392888
5.42414e-10 0.000392888
1.60323e-10 0.000392888
-6.15845e-10 0.000392888
1.267e-10 0.000392888
5.56081e-10 0.000392888
-3.86997e-10 0.000392888
-3.76776e-10 0.000392888
5.61805e-10 0.000392888
1.17424e-10 0.000392888
-6.15174e-10 0.000392888
1.68686e-10 0.000392888
5.36001e-10 0.000392888
-4.19735e-10 0.000392888
-3.41039e-10 0.000392888
5.784e-10 0.000392888
7.32783e-11 0.000392888
-6.12523e-10 0.000392888
2.11397e-10 0.000392888
5.13197e-10 0.000392888
-4.50768e-10 0.000392888
-3.02816e-10 0.000392888
5.91506e-10 0.000392888
2.89084e-11 0.000392888
-6.04508e-10 0.000392888
2.51838e-10 0.000392888
4.87059e-10 0.000392888
-4.79833e-10 0.000392888
-2.63945e-10 0.000392888
6.02299e-10 0.000392888
-1.45945e-11 0.000392888
-5.94962e-10 0.000392888
2.9026e-10 0.000392888
4.58879e-10 0.000392888
-5.05562e-10 0.000392888
-2.23835e-10 0.000392888
6.09745e-10 0.000392888
-5.85239e-11 0.000392888
-5.80997e-10 0.000392888
3.28715e-10 0.000392888
4.27406e-10 0.000392888
-5.29838e-10 0.000392888
-1.80993e-10 0.000392888
6.14929e-10 0.000392888
-1.04187e-10 0.000392888
-5.65791e-10 0.000392888
3.65496e-10 0.000392888
3.94362e-10 0.000392888
-5.50877e-10 0.000392888
-1.38716e-10 0.000392888
6.15728e-10 0.000392888
-1.46901e-10 0.000392888
-5.46596e-10 0.000392888
3.99929e-10 0.000392888
3.6043e-10 0.000392888
-5.68839e-10 0.000392888
-9.48539e-11 0.000392888
6.14349e-10 0.000392888
-1.90049e-10 0.000392888
-5.25198e-10 0.000392888
4.33761e-10 0.000392888
3.22871e-10 0.000392888
-5.84922e-10 0.000392888
-5.02034e-11 0.000392888
6.08747e-10 0.000392888
-2.32369e-10 0.000392888
-5.00581e-10 0.000392888
4.63803e-10 0.000392888
2.85201e-10 0.000392888
-5.96902e-10 0.000392888
-6.46594e-12 0.000392888
6.00526e-10 0.000392888
-2.71243e-10 0.000392888
-4.74014e-10 0.000392888
4.90772e-10 0.000392888
2.45759e-10 0.000392888
-6.05937e-10 0.000392888
3.59215e-11 0.000392888
5.89996e-10 0.000392888
-3.09765e-10 0.000392888
-4.45503e-10 0.000392888
5.15126e-10 0.000392888
2.05294e-10 0.000392888
-6.11507e-10 0.000392888
7.9293e-11 0.000392888
5.75707e-10 0.000392888
-3.46478e-10 0.000392888
-4.14225e-10 0.000392888
5.3727e-10 0.000392888
1.64178e-10 0.000392888
-6.14623e-10 0.000392888
1.22693e-10 0.000392888
5.59272e-10 0.000392888
-3.81792e-10 0.000392888
-3.81725e-10 0.000392888
5.57577e-10 0.000392888
1.21297e-10 0.000392888
-6.14502e-10 0.000392888
1.64928e-10 0.000392888
5.38968e-10 0.000392888
-4.16083e-10 0.000392888
-3.46379e-10 0.000392888
5.7581e-10 0.000392888
7.8515e-11 0.000392888
-6.1128e-10 0.000392888
2.06562e-10 0.000392888
5.16877e-10 0.000392888
-4.46914e-10 0.000392888
-3.09427e-10 0.000392888
5.89367e-10 0.000392888
3.5886e-11 0.000392888
-6.06139e-10 0.000392888
2.4675e-10 0.000392888
4.92641e-10 0.000392888
-4.75993e-10 0.000392888
-2.7233e-10 0.000392888
6.00775e-10 0.000392888
-6.99529e-12 0.000392888
-5.96e-10 0.000392888
2.84597e-10 0.000392888
4.65775e-10 0.000392888
-5.01306e-10 0.000392888
-2.32465e-10 0.000392888
6.08388e-10 0.000392888
-5.08713e-11 0.000392888
-5.84635e-10 0.000392888
3.23521e-10 0.000392888
4.3536e-10 0.000392888
-5.26232e-10 0.000392888
-1.912e-10 0.000392888
6.1376e-10 0.000392888
-9.45768e-11 0.000392888
-5.68924e-10 0.000392888
3.60227e-10 0.000392888
4.02562e-10 0.000392888
-5.47956e-10 0.000392888
-1.47917e-10 0.000392888
6.15632e-10 0.000392888
-1.38719e-10 0.000392888
-5.49999e-10 0.000392888
3.94952e-10 0.000392888
3.6728e-10 0.000392888
-5.66938e-10 0.000392888
-1.04794e-10 0.000392888
6.14488e-10 0.000392888
-1.81064e-10 0.000392888
-5.29258e-10 0.000392888
4.28187e-10 0.000392888
3.31088e-10 0.000392888
-5.83341e-10 0.000392888
-6.0755e-11 0.000392888
6.10697e-10 0.000392888
-2.23476e-10 0.000392888
-5.05274e-10 0.000392888
4.58126e-10 0.000392888
2.92484e-10 0.000392888
-5.95762e-10 0.000392888
-1.67155e-11 0.000392888
6.02615e-10 0.000392888
-2.63398e-10 0.000392888
-4.78558e-10 0.000392888
4.85755e-10 0.000392888
2.53721e-10 0.000392888
-6.04032e-10 0.000392888
2.63611e-11 0.000392888
5.91061e-10 0.000392888
-3.01078e-10 0.000392888
-4.49624e-10 0.000392888
5.10408e-10 0.000392888
2.13316e-10 0.000392888
-6.10928e-10 0.000392888
6.96438e-11 0.000392888
5.77803e-10 0.000392888
-3.38442e-10 0.000392888
-4.19224e-10 0.000392888
5.33685e-10 0.000392888
1.71724e-10 0.000392888
-6.14733e-10 0.000392888
1.12752e-10 0.000392888
5.62022e-10 0.000392888
-3.73415e-10 0.000392888
-3.8629e-10 0.000392888
5.53317e-10 0.000392888
1.29837e-10 0.000392888
-6.1549e-10 0.000392888
1.55069e-10 0.000392888
5.43288e-10 0.000392888
-4.07027e-10 0.000392888
-3.52227e-10 0.000392888
5.70303e-10 0.000392888
8.70628e-11 0.000392888
-6.12424e-10 0.000392888
1.97034e-10 0.000392888
5.21403e-10 0.000392888
-4.38348e-10 0.000392888
-3.15822e-10 0.000392888
5.85334e-10 0.000392888
4.3709e-11 0.000392888
-6.07102e-10 0.000392888
2.37385e-10 0.000392888
4.97639e-10 0.000392888
-4.68283e-10 0.000392888
-2.78423e-10 0.000392888
5.97172e-10 0.000392888
3.16192e-13 0.000392888
-5.98369e-10 0.000392888
2.76987e-10 0.000392888
4.70212e-10 0.000392888
-4.94527e-10 0.000392888
-2.39361e-10 0.000392888
6.0616e-10 0.000392888
-4.25331e-11 0.000392888
-5.85928e-10 0.000392888
3.13872e-10 0.000392888
4.4043e-10 0.000392888
-5.17876e-10 0.000392888
-1.97907e-10 0.000392888
6.10189e-10 0.000392888
-8.64091e-11 0.000392888
-5.71152e-10 0.000392888
3.50699e-10 0.000392888
4.08896e-10 0.000392888
-5.40293e-10 0.000392888
-1.56156e-10 0.000392888
6.12982e-10 0.000392888
-1.29948e-10 0.000392888
-5.533e-10 0.000392888
3.86027e-10 0.000392888
3.75255e-10 0.000392888
-5.59304e-10 0.000392888
-1.14447e-10 0.000392888
6.12115e-10 0.000392888
-1.71813e-10 0.000392888
-5.33674e-10 0.000392888
4.19231e-10 0.000392888
3.39217e-10 0.000392888
-5.76314e-10 0.000392888
-7.0095e-11 0.000392888
6.08079e-10 0.000392888
-2.1371e-10 0.000392888
-5.09353e-10 0.000392888
4.49585e-10 0.000392888
3.02151e-10 0.000392888
-5.89335e-10 0.000392888
-2.70219e-11 0.000392888
6.01631e-10 0.000392888
-2.53969e-10 0.000392888
-4.83897e-10 0.000392888
4.77947e-10 0.000392888
2.63448e-10 0.000392888
-5.98881e-10 0.000392888
1.59197e-11 0.000392888
5.91069e-10 0.000392888
-2.92985e-10 0.000392888
-4.55596e-10 0.000392888
5.04816e-10 0.000392888
2.22471e-10 0.000392888
-6.07006e-10 0.000392888
6.0016e-11 0.000392888
5.77838e-10 0.000392888
-3.30587e-10 0.000392888
-4.24503e-10 0.000392888
5.27535e-10 0.000392888
1.79895e-10 0.000392888
-6.10832e-10 0.000392888
1.03888e-10 0.000392888
5.61293e-10 0.000392888
-3.65638e-10 0.000392888
-3.90944e-10 0.000392888
5.47544e-10 0.000392888
1.37863e-10 0.000392888
-6.10981e-10 0.000392888
1.46368e-10 0.000392888
5.42389e-10 0.000392888
-3.99346e-10 0.000392888
-3.57453e-10 0.000392888
5.6502e-10 0.000392888
9.62963e-11 0.000392888
-6.09489e-10 0.000392888
1.85953e-10 0.000392888
5.22288e-10 0.000392888
-4.30934e-10 0.000392888
-3.21851e-10 0.000392888
5.81739e-10 0.000392888
5.30349e-11 0.000392888
-6.05723e-10 0.000392888
2.27043e-10 0.000392888
4.98876e-10 0.000392888
-4.60627e-10 0.000392888
-2.84178e-10 0.000392888
5.93534e-10 0.000392888
8.94218e-12 0.000392888
-5.97961e-10 0.000392888
2.68034e-10 0.000392888
4.72468e-10 0.000392888
-4.881e-10 0.000392888
-2.44668e-10 0.000392888
6.02867e-10 0.000392888
-3.46319e-11 0.000392888
-5.86333e-10 0.000392888
3.06112e-10 0.000392888
4.43386e-10 0.000392888
-5.13317e-10 0.000392888
-2.04334e-10 0.000392888
6.08178e-10 0.000392888
-7.76375e-11 0.000392888
-5.72449e-10 0.000392888
3.4289e-10 0.000392888
4.11887e-10 0.000392888
-5.35305e-10 0.000392888
-1.62448e-10 0.000392888
6.11784e-10 0.000392888
-1.20558e-10 0.000392888
-5.54955e-10 0.000392888
3.77376e-10 0.000392888
3.79252e-10 0.000392888
-5.54106e-10 0.000392888
-1.20451e-10 0.000392888
6.11358e-10 0.000392888
-1.63425e-10 0.000392888
-5.36065e-10 0.000392888
4.10523e-10 0.000392888
3.44965e-10 0.000392888
-5.70733e-10 0.000392888
-7.88702e-11 0.000392888
6.08413e-10 0.000392888
-2.03777e-10 0.000392888
-5.13463e-10 0.000392888
4.41418e-10 0.000392888
3.08443e-10 0.000392888
-5.84961e-10 0.000392888
-3.57261e-11 0.000392888
6.02327e-10 0.000392888
-2.44377e-10 0.000392888
-4.89205e-10 0.000392888
4.69548e-10 0.000392888
2.69981e-10 0.000392888
-5.95382e-10 0.000392888
8.07177e-12 0.000392888
5.93033e-10 0.000392888
-2.83798e-10 0.000392888
-4.6203e-10 0.000392888
4.96808e-10 0.000392888
2.30774e-10 0.000392888
-6.04192e-10 0.000392888
5.18696e-11 0.000392888
5.81011e-10 0.000392888
-3.21752e-10 0.000392888
-4.32092e-10 0.000392888
5.20018e-10 0.000392888
1.89932e-10 0.000392888
-6.08367e-10 0.000392888
9.43672e-11 0.000392888
5.66118e-10 0.000392888
-3.58327e-10 0.000392888
-3.99879e-10 0.000392888
5.42357e-10 0.000392888
1.47992e-10 0.000392888
-6.10001e-10 0.000392888
1.37518e-10 0.000392888
5.47299e-10 0.000392888
-3.92831e-10 0.000392888
-3.64945e-10 0.000392888
5.61165e-10 0.000392888
1.04549e-10 0.000392888
-6.09244e-10 0.000392888
1.79064e-10 0.000392888
5.26462e-10 0.000392888
-4.24873e-10 0.000392888
-3.29717e-10 0.000392888
5.76954e-10 0.000392888
6.17817e-11 0.000392888
-6.047e-10 0.000392888
2.20204e-10 0.000392888
5.0353e-10 0.000392888
-4.54953e-10 0.000392888
-2.91955e-10 0.000392888
5.89097e-10 0.000392888
1.82858e-11 0.000392888
-5.96788e-10 0.000392888
2.60691e-10 0.000392888
4.76458e-10 0.000392888
-4.83578e-10 0.000392888
-2.52609e-10 0.000392888
5.99552e-10 0.000392888
-2.5274e-11 0.000392888
-5.86265e-10 0.000392888
2.98964e-10 0.000392888
4.47674e-10 0.000392888
-5.07924e-10 0.000392888
-2.11809e-10 0.000392888
6.05578e-10 0.000392888
-6.91642e-11 0.000392888
-5.72246e-10 0.000392888
3.35216e-10 0.000392888
4.16815e-10 0.000392888
-5.30228e-10 0.000392888
-1.70459e-10 0.000392888
6.08512e-10 0.000392888
-1.12863e-10 0.000392888
-5.54806e-10 0.000392888
3.71124e-10 0.000392888
3.83345e-10 0.000392888
-5.50369e-10 0.000392888
-1.28058e-10 0.000392888
6.09781e-10 0.000392888
-1.54305e-10 0.000392888
-5.36321e-10 0.000392888
4.03823e-10 0.000392888
3.48756e-10 0.000392888
-5.67749e-10 0.000392888
-8.54534e-11 0.000392888
6.07454e-10 0.000392888
-1.95833e-10 0.000392888
-5.15044e-10 0.000392888
4.35424e-10 0.000392888
3.12316e-10 0.000392888
-5.82038e-10 0.000392888
-4.24585e-11 0.000392888
6.02029e-10 0.000392888
-2.36241e-10 0.000392888
-4.9042e-10 0.000392888
4.63583e-10 0.000392888
2.75296e-10 0.000392888
-5.92955e-10 0.000392888
-2.66454e-13 0.000392888
5.93111e-10 0.000392888
-2.75367e-10 0.000392888
-4.64176e-10 0.000392888
4.90452e-10 0.000392888
2.36533e-10 0.000392888
-6.01986e-10 0.000392888
4.25295e-11 0.000392888
5.81664e-10 0.000392888
-3.12003e-10 0.000392888
-4.34749e-10 0.000392888
5.14071e-10 0.000392888
1.96032e-10 0.000392888
-6.06558e-10 0.000392888
8.51657e-11 0.000392888
5.67621e-10 0.000392888
-3.47924e-10 0.000392888
-4.04455e-10 0.000392888
5.36236e-10 0.000392888
1.54714e-10 0.000392888
-6.09784e-10 0.000392888
1.27862e-10 0.000392888
5.51104e-10 0.000392888
-3.83309e-10 0.000392888
-3.71358e-10 0.000392888
5.55566e-10 0.000392888
1.13115e-10 0.000392888
-6.09667e-10 0.000392888
1.69923e-10 0.000392888
5.31649e-10 0.000392888
-4.15909e-10 0.000392888
-3.37458e-10 0.000392888
5.71742e-10 0.000392888
7.05995e-11 0.000392888
-6.05908e-10 0.000392888
2.11219e-10 0.000392888
5.09175e-10 0.000392888
-4.47564e-10 0.000392888
-2.99696e-10 0.000392888
5.86436e-10 0.000392888
2.6624e-11 0.000392888
-5.99073e-10 0.000392888
2.51998e-10 0.000392888
4.83649e-10 0.000392888
-4.76458e-10 0.000392888
-2.62158e-10 0.000392888
5.97133e-10 0.000392888
-1.69109e-11 0.000392888
-5.90454e-10 0.000392888
2.90985e-10 0.000392888
4.55753e-10 0.000392888
-5.02357e-10 0.000392888
-2.21718e-10 0.000392888
6.041e-10 0.000392888
-6.06271e-11 0.000392888
-5.76001e-10 0.000392888
3.28598e-10 0.000392888
4.25082e-10 0.000392888
-5.26605e-10 0.000392888
-1.79927e-10 0.000392888
6.08996e-10 0.000392888
-1.04155e-10 0.000392888
-5.60725e-10 0.000392888
3.65532e-10 0.000392888
3.93069e-10 0.000392888
-5.47338e-10 0.000392888
-1.38602e-10 0.000392888
6.10861e-10 0.000392888
-1.46319e-10 0.000392888
-5.42904e-10 0.000392888
3.99453e-10 0.000392888
3.59208e-10 0.000392888
-5.65795e-10 0.000392888
-9.62892e-11 0.000392888
6.09244e-10 0.000392888
-1.87917e-10 0.000392888
-5.22071e-10 0.000392888
4.30997e-10 0.000392888
3.24064e-10 0.000392888
-5.81139e-10 0.000392888
-5.43423e-11 0.000392888
6.05517e-10 0.000392888
-2.28237e-10 0.000392888
-4.98336e-10 0.000392888
4.60446e-10 0.000392888
2.8583e-10 0.000392888
-5.93779e-10 0.000392888
-1.03064e-11 0.000392888
5.97229e-10 0.000392888
-2.68692e-10 0.000392888
-4.71232e-10 0.000392888
4.87898e-10 0.000392888
2.46001e-10 0.000392888
-6.0199e-10 0.000392888
3.34275e-11 0.000392888
5.85359e-10 0.000392888
-3.06606e-10 0.000392888
-4.41904e-10 0.000392888
5.12991e-10 0.000392888
2.05095e-10 0.000392888
-6.08516e-10 0.000392888
7.73497e-11 0.000392888
5.70822e-10 0.000392888
-3.43764e-10 0.000392888
-4.09607e-10 0.000392888
5.3538e-10 0.000392888
1.61648e-10 0.000392888
-6.10747e-10 0.000392888
1.21858e-10 0.000392888
5.5384e-10 0.000392888
-3.79242e-10 0.000392888
-3.75397e-10 0.000392888
5.54817e-10 0.000392888
1.18288e-10 0.000392888
-6.10566e-10 0.000392888
1.6361e-10 0.000392888
5.3371e-10 0.000392888
-4.12818e-10 0.000392888
-3.40282e-10 0.000392888
5.7177e-10 0.000392888
7.53921e-11 0.000392888
-6.06956e-10 0.000392888
2.05407e-10 0.000392888
5.10337e-10 0.000392888
-4.43055e-10 0.000392888
-3.02521e-10 0.000392888
5.8558e-10 0.000392888
3.11893e-11 0.000392888
-6.01112e-10 0.000392888
2.46285e-10 0.000392888
4.85954e-10 0.000392888
-4.7158e-10 0.000392888
-2.64279e-10 0.000392888
5.9531e-10 0.000392888
-1.19265e-11 0.000392888
-5.90752e-10 0.000392888
2.85102e-10 0.000392888
4.5862e-10 0.000392888
-4.97536e-10 0.000392888
-2.25768e-10 0.000392888
6.03432e-10 0.000392888
-5.53619e-11 0.000392888
-5.7857e-10 0.000392888
3.2308e-10 0.000392888
4.27793e-10 0.000392888
-5.22046e-10 0.000392888
-1.84347e-10 0.000392888
6.07983e-10 0.000392888
-9.85558e-11 0.000392888
-5.63002e-10 0.000392888
3.58657e-10 0.000392888
3.96344e-10 0.000392888
-5.42478e-10 0.000392888
-1.41803e-10 0.000392888
6.09795e-10 0.000392888
-1.42311e-10 0.000392888
-5.44503e-10 0.000392888
3.93452e-10 0.000392888
3.62011e-10 0.000392888
-5.6157e-10 0.000392888
-9.92735e-11 0.000392888
6.0842e-10 0.000392888
-1.8445e-10 0.000392888
-5.22821e-10 0.000392888
4.26933e-10 0.000392888
3.25187e-10 0.000392888
-5.77309e-10 0.000392888
-5.48788e-11 0.000392888
6.03126e-10 0.000392888
-2.26411e-10 0.000392888
-4.99568e-10 0.000392888
4.56716e-10 0.000392888
2.87347e-10 0.000392888
-5.90273e-10 0.000392888
-1.12728e-11 0.000392888
5.9573e-10 0.000392888
-2.67153e-10 0.000392888
-4.72177e-10 0.000392888
4.85858e-10 0.000392888
2.48029e-10 0.000392888
-6.00391e-10 0.000392888
3.25677e-11 0.000392888
5.85406e-10 0.000392888
-3.05501e-10 0.000392888
-4.43613e-10 0.000392888
5.10219e-10 0.000392888
2.07368e-10 0.000392888
-6.06647e-10 0.000392888
7.60707e-11 0.000392888
5.7177e-10 0.000392888
-3.4305e-10 0.000392888
-4.12943e-10 0.000392888
5.34648e-10 0.000392888
1.65922e-10 0.000392888
-6.1101e-10 0.000392888
1.19254e-10 0.000392888
5.56017e-10 0.000392888
-3.79533e-10 0.000392888
-3.80012e-10 0.000392888
5.55588e-10 0.000392888
1.22867e-10 0.000392888
-6.11866e-10 0.000392888
1.61869e-10 0.000392888
5.3527e-10 0.000392888
-4.12463e-10 0.000392888
-3.43704e-10 0.000392888
5.72712e-10 0.000392888
7.92859e-11 0.000392888
-6.09088e-10 0.000392888
2.03869e-10 0.000392888
5.14035e-10 0.000392888
-4.44839e-10 0.000392888
-3.07232e-10 0.000392888
5.87772e-10 0.000392888
3.51861e-11 0.000392888
-6.03659e-10 0.000392888
2.4459e-10 0.000392888
4.89319e-10 0.000392888
-4.72728e-10 0.000392888
-2.69274e-10 0.000392888
5.98046e-10 0.000392888
-7.08766e-12 0.000392888
-5.93712e-10 0.000392888
2.8351e-10 0.000392888
4.61881e-10 0.000392888
-4.99707e-10 0.000392888
-2.29676e-10 0.000392888
6.06505e-10 0.000392888
-5.11839e-11 0.000392888
-5.82244e-10 0.000392888
3.20597e-10 0.000392888
4.32301e-10 0.000392888
-5.23674e-10 0.000392888
-1.88802e-10 0.000392888
6.12115e-10 0.000392888
-9.48859e-11 0.000392888
-5.67049e-10 0.000392888
3.57613e-10 0.000392888
4.00249e-10 0.000392888
-5.45032e-10 0.000392888
-1.46628e-10 0.000392888
6.14268e-10 0.000392888
-1.38506e-10 0.000392888
-5.49381e-10 0.000392888
3.93033e-10 0.000392888
3.65606e-10 0.000392888
-5.64054e-10 0.000392888
-1.02336e-10 0.000392888
6.12303e-10 0.000392888
-1.81934e-10 0.000392888
-5.27329e-10 0.000392888
4.26297e-10 0.000392888
3.28487e-10 0.000392888
-5.79725e-10 0.000392888
-5.84883e-11 0.000392888
6.08107e-10 0.000392888
-2.2375e-10 0.000392888
-5.03093e-10 0.000392888
4.56613e-10 0.000392888
2.89926e-10 0.000392888
-5.92774e-10 0.000392888
-1.34222e-11 0.000392888
6.0011e-10 0.000392888
-2.64929e-10 0.000392888
-4.76259e-10 0.000392888
4.85176e-10 0.000392888
2.49841e-10 0.000392888
-6.02085e-10 0.000392888
3.07772e-11 0.000392888
5.8948e-10 0.000392888
-3.04095e-10 0.000392888
-4.47848e-10 0.000392888
5.10731e-10 0.000392888
2.09827e-10 0.000392888
-6.09248e-10 0.000392888
7.4067e-11 0.000392888
5.75586e-10 0.000392888
-3.42087e-10 0.000392888
-4.16478e-10 0.000392888
5.35024e-10 0.000392888
1.67155e-10 0.000392888
-6.12289e-10 0.000392888
1.18092e-10 0.000392888
5.58337e-10 0.000392888
-3.77796e-10 0.000392888
-3.82428e-10 0.000392888
5.5466e-10 0.000392888
1.2411e-10 0.000392888
-6.13102e-10 0.000392888
1.61549e-10 0.000392888
5.39011e-10 0.000392888
-4.12182e-10 0.000392888
-3.47367e-10 0.000392888
5.72616e-10 0.000392888
8.0469e-11 0.000392888
-6.0956e-10 0.000392888
2.0486e-10 0.000392888
5.16444e-10 0.000392888
-4.44821e-10 0.000392888
-3.10362e-10 0.000392888
5.86862e-10 0.000392888
3.59783e-11 0.000392888
-6.03592e-10 0.000392888
2.45457e-10 0.000392888
4.90786e-10 0.000392888
-4.74181e-10 0.000392888
-2.71545e-10 0.000392888
5.98373e-10 0.000392888
-6.49436e-12 0.000392888
-5.94696e-10 0.000392888
2.84018e-10 0.000392888
4.64738e-10 0.000392888
-5.00208e-10 0.000392888
-2.31928e-10 0.000392888
6.0724e-10 0.000392888
-5.08322e-11 0.000392888
-5.82766e-10 0.000392888
3.22718e-10 0.000392888
