1.00972e-10 0.000294667
-3.81455e-11 0.000294667
-7.1843e-11 0.000294667
9.06368e-11 0.000294667
5.05196e-12 0.000294667
-9.43139e-11 0.000294667
6.32383e-11 0.000294667
4.7546e-11 0.000294667
-9.76925e-11 0.000294667
2.42117e-11 0.000294667
7.92646e-11 0.000294667
-8.25047e-11 0.000294667
-1.7863e-11 0.000294667
9.48646e-11 0.000294667
-5.193e-11 0.000294667
-5.52731e-11 0.000294667
9.30491e-11 0.000294667
-1.32694e-11 0.000294667
-8.22453e-11 0.000294667
7.34204e-11 0.000294667
2.78071e-11 0.000294667
-9.41185e-11 0.000294667
4.10552e-11 0.000294667
6.33129e-11 0.000294667
-8.75851e-11 0.000294667
6.96332e-13 0.000294667
8.63842e-11 0.000294667
-6.3558e-11 0.000294667
-3.94813e-11 0.000294667
9.20899e-11 0.000294667
-2.76934e-11 0.000294667
-7.07239e-11 0.000294667
7.8785e-11 0.000294667
1.30846e-11 0.000294667
-8.8626e-11 0.000294667
4.99725e-11 0.000294667
5.1525e-11 0.000294667
-8.74358e-11 0.000294667
1.02993e-11 0.000294667
7.92539e-11 0.000294667
-6.6489e-11 0.000294667
-3.11715e-11 0.000294667
8.77485e-11 0.000294667
-3.17861e-11 0.000294667
-6.29576e-11 0.000294667
7.79323e-11 0.000294667
5.13722e-12 0.000294667
-8.18936e-11 0.000294667
5.52305e-11 0.000294667
3.92752e-11 0.000294667
-8.54108e-11 0.000294667
2.54943e-11 0.000294667
6.5306e-11 0.000294667
-7.57332e-11 0.000294667
-6.89582e-12 0.000294667
8.07603e-11 0.000294667
-5.47544e-11 0.000294667
-3.7538e-11 0.000294667
8.33111e-11 0.000294667
-2.66525e-11 0.000294667
-6.08082e-11 0.000294667
7.50724e-11 0.000294667
-3.16192e-13 0.000294667
-7.39995e-11 0.000294667
6.12026e-11 0.000294667
2.12808e-11 0.000294667
-7.94316e-11 0.000294667
4.75531e-11 0.000294667
3.71507e-11 0.000294667
-7.99538e-11 0.000294667
3.34133e-11 0.000294667
5.00471e-11 0.000294667
-7.7506e-11 0.000294667
1.89324e-11 0.000294667
5.98916e-11 0.000294667
-7.17222e-11 0.000294667
5.17986e-12 0.000294667
6.63967e-11 0.000294667
-6.53237e-11 0.000294667
-6.0183e-12 0.000294667
7.0127e-11 0.000294667
-5.78666e-11 0.000294667
-1.72378e-11 0.000294667
7.28519e-11 0.000294667
-4.76135e-11 0.000294667
-2.95692e-11 0.000294667
7.29443e-11 0.000294667
-3.49125e-11 0.000294667
-4.1922e-11 0.000294667
7.12035e-11 0.000294667
-1.98206e-11 0.000294667
-5.32623e-11 0.000294667
6.54623e-11 0.000294667
-2.70717e-12 0.000294667
-6.25633e-11 0.000294667
5.52838e-11 0.000294667
1.5465e-11 0.000294667
-6.81091e-11 0.000294667
4.13038e-11 0.000294667
3.30012e-11 0.000294667
-6.8745e-11 0.000294667
2.30287e-11 0.000294667
4.94786e-11 0.000294667
-6.28688e-11 0.000294667
1.09424e-12 0.000294667
6.14797e-11 0.000294667
-4.91944e-11 0.000294667
-2.25491e-11 0.000294667
6.61018e-11 0.000294667
-2.96865e-11 0.000294667
-4.07105e-11 0.000294667
6.30145e-11 0.000294667
-1.16493e-11 0.000294667
-5.14184e-11 0.000294667
5.62252e-11 0.000294667
1.19371e-12 0.000294667
-5.70708e-11 0.000294667
4.91021e-11 0.000294667
1.32339e-11 0.000294667
-6.03606e-11 0.000294667
4.00462e-11 0.000294667
2.44071e-11 0.000294667
-6.12204e-11 0.000294667
2.98215e-11 0.000294667
3.40172e-11 0.000294667
-5.99876e-11 0.000294667
2.0318e-11 0.000294667
4.13323e-11 0.000294667
-5.67688e-11 0.000294667
9.27614e-12 0.000294667
4.79723e-11 0.000294667
-5.12159e-11 0.000294667
-2.11386e-12 0.000294667
5.2701e-11 0.000294667
-4.49454e-11 0.000294667
-1.25446e-11 0.000294667
5.52411e-11 0.000294667
-3.63443e-11 0.000294667
-2.19131e-11 0.000294667
5.5735e-11 0.000294667
-2.76579e-11 0.000294667
-3.03793e-11 0.000294667
5.37632e-11 0.000294667
-1.75788e-11 0.000294667
-3.73817e-11 0.000294667
5.00648e-11 0.000294667
-7.27951e-12 0.000294667
-4.29488e-11 0.000294667
4.49134e-11 0.000294667
2.24887e-12 0.000294667
-4.60858e-11 0.000294667
3.92468e-11 0.000294667
1.01004e-11 0.000294667
-4.8086e-11 0.000294667
3.32072e-11 0.000294667
1.75397e-11 0.000294667
-4.86828e-11 0.000294667
2.62546e-11 0.000294667
2.4631e-11 0.000294667
-4.81499e-11 0.000294667
1.85914e-11 0.000294667
3.12106e-11 0.000294667
-4.61249e-11 0.000294667
9.52838e-12 0.000294667
3.68203e-11 0.000294667
-4.2256e-11 0.000294667
1.12266e-12 0.000294667
4.09379e-11 0.000294667
-3.74065e-11 0.000294667
-7.04503e-12 0.000294667
4.34675e-11 0.000294667
-3.20384e-11 0.000294667
-1.43352e-11 0.000294667
4.4249e-11 0.000294667
-2.55973e-11 0.000294667
-2.08189e-11 0.000294667
4.41247e-11 0.000294667
-1.90781e-11 0.000294667
-2.65921e-11 0.000294667
4.2494e-11 0.000294667
-1.1859e-11 0.000294667
-3.15517e-11 0.000294667
3.94387e-11 0.000294667
-4.60787e-12 0.000294667
-3.49232e-11 0.000294667
3.61986e-11 0.000294667
1.81899e-12 0.000294667
-3.73426e-11 0.000294667
3.20668e-11 0.000294667
8.62954e-12 0.000294667
-3.9492e-11 0.000294667
2.70184e-11 0.000294667
1.47082e-11 0.000294667
-3.98614e-11 0.000294667
2.1295e-11 0.000294667
2.06697e-11 0.000294667
-3.97016e-11 0.000294667
1.48788e-11 0.000294667
2.5981e-11 0.000294667
-3.85469e-11 0.000294667
8.90665e-12 0.000294667
3.02549e-11 0.000294667
-3.6259e-11 0.000294667
2.19202e-12 0.000294667
3.38325e-11 0.000294667
-3.22373e-11 0.000294667
-4.73932e-12 0.000294667
3.579e-11 0.000294667
-2.73275e-11 0.000294667
-1.06475e-11 0.000294667
3.64686e-11 0.000294667
-2.20162e-11 0.000294667
-1.62146e-11 0.000294667
3.6394e-11 0.000294667
-1.60263e-11 0.000294667
-2.15543e-11 0.000294667
3.51115e-11 0.000294667
-1.03562e-11 0.000294667
-2.56399e-11 0.000294667
3.3193e-11 0.000294667
-3.93285e-12 0.000294667
-2.90612e-11 0.000294667
2.9921e-11 0.000294667
2.02149e-12 0.000294667
-3.12461e-11 0.000294667
2.6084e-11 0.000294667
7.2724e-12 0.000294667
-3.23759e-11 0.000294667
2.18741e-11 0.000294667
1.22533e-11 0.000294667
-3.26494e-11 0.000294667
1.78062e-11 0.000294667
1.57847e-11 0.000294667
-3.23439e-11 0.000294667
1.43707e-11 0.000294667
1.82219e-11 0.000294667
-3.17684e-11 0.000294667
1.15286e-11 0.000294667
2.00515e-11 0.000294667
-3.08518e-11 0.000294667
1.02922e-11 0.000294667
2.07763e-11 0.000294667
-3.05711e-11 0.000294667
8.98837e-12 0.000294667
2.12204e-11 0.000294667
-2.96936e-11 0.000294667
8.98837e-12 0.000294667
2.02149e-11 0.000294667
-2.91429e-11 0.000294667
9.73444e-12 0.000294667
1.88969e-11 0.000294667
-2.94236e-11 0.000294667
1.10596e-11 0.000294667
1.73408e-11 0.000294667
-2.90505e-11 0.000294667
1.30242e-11 0.000294667
1.48823e-11 0.000294667
-2.83542e-11 0.000294667
1.48859e-11 0.000294667
1.21645e-11 0.000294667
-2.75833e-11 0.000294667
1.72236e-11 0.000294667
9.39693e-12 0.000294667
-2.72529e-11 0.000294667
1.90958e-11 0.000294667
6.97753e-12 0.000294667
-2.66489e-11 0.000294667
2.08047e-11 0.000294667
4.16378e-12 0.000294667
-2.50253e-11 0.000294667
2.27374e-11 0.000294667
5.86198e-13 0.000294667
-2.30536e-11 0.000294667
2.4265e-11 0.000294667
-2.97717e-12 0.000294667
-2.07621e-11 0.000294667
2.53806e-11 0.000294667
-6.8141e-12 0.000294667
-1.76748e-11 0.000294667
2.57856e-11 0.000294667
-1.08678e-11 0.000294667
-1.39444e-11 0.000294667
2.57536e-11 0.000294667
-1.4662e-11 0.000294667
-9.92273e-12 0.000294667
2.54516e-11 0.000294667
-1.81046e-11 0.000294667
-5.09104e-12 0.000294667
2.37321e-11 0.000294667
-2.11031e-11 0.000294667
4.54747e-13 0.000294667
2.05205e-11 0.000294667
-2.34444e-11 0.000294667
6.28475e-12 0.000294667
1.64029e-11 0.000294667
-2.50182e-11 0.000294667
1.16778e-11 0.000294667
1.2232e-11 0.000294667
-2.49543e-11 0.000294667
1.59126e-11 0.000294667
6.72529e-12 0.000294667
-2.36682e-11 0.000294667
1.96181e-11 0.000294667
1.54543e-12 0.000294667
-2.12204e-11 0.000294667
2.224e-11 0.000294667
-3.52784e-12 0.000294667
-1.81082e-11 0.000294667
2.35794e-11 0.000294667
-8.29559e-12 0.000294667
-1.41966e-11 0.000294667
2.41727e-11 0.000294667
-1.26974e-11 0.000294667
-9.85168e-12 0.000294667
2.32028e-11 0.000294667
-1.60831e-11 0.000294667
-5.27933e-12 0.000294667
2.15188e-11 0.000294667
-1.84777e-11 0.000294667
-1.49925e-12 0.000294667
2.02078e-11 0.000294667
-2.08757e-11 0.000294667
2.41585e-12 0.000294667
1.81437e-11 0.000294667
-2.18172e-11 0.000294667
5.51736e-12 0.000294667
1.55786e-11 0.000294667
-2.23856e-11 0.000294667
8.83915e-12 0.000294667
1.31273e-11 0.000294667
-2.2446e-11 0.000294667
1.16778e-11 0.000294667
1.04059e-11 0.000294667
-2.20517e-11 0.000294667
1.33973e-11 0.000294667
7.89768e-12 0.000294667
-2.12133e-11 0.000294667
1.41753e-11 0.000294667
7.06635e-12 0.000294667
-2.06057e-11 0.000294667
1.03313e-11 0.000294667
1.42499e-11 0.000294667
-1.68967e-11 0.000294667
-7.50333e-12 0.000294667
1.9817e-11 0.000294667
-1.73017e-12 0.000294667
-1.88862e-11 0.000294667
9.19798e-12 0.000294667
1.5099e-11 0.000294667
-1.43352e-11 0.000294667
-9.98668e-12 0.000294667
1.74083e-11 0.000294667
4.53326e-12 0.000294667
-1.85345e-11 0.000294667
8.70415e-13 0.000294667
1.79341e-11 0.000294667
-6.05027e-12 0.000294667
-1.54969e-11 0.000294667
1.03277e-11 0.000294667
1.20508e-11 0.000294667
-1.34719e-11 0.000294667
-8.23874e-12 0.000294667
1.56746e-11 0.000294667
4.49418e-12 0.000294667
-1.65095e-11 0.000294667
-2.20268e-13 0.000294667
1.63283e-11 0.000294667
-4.23128e-12 0.000294667
-1.46514e-11 0.000294667
8.21743e-12 0.000294667
1.17097e-11 0.000294667
-1.20259e-11 0.000294667
-6.99174e-12 0.000294667
1.42499e-11 0.000294667
1.85096e-12 0.000294667
-1.49605e-11 0.000294667
4.17799e-12 0.000294667
1.30171e-11 0.000294667
-1.01323e-11 0.000294667
-7.43228e-12 0.000294667
1.36744e-11 0.000294667
9.27258e-13 0.000294667
-1.35998e-11 0.000294667
7.20846e-12 0.000294667
8.59757e-12 0.000294667
-1.31237e-11 0.000294667
4.79616e-13 0.000294667
1.27045e-11 0.000294667
-9.23706e-12 0.000294667
-5.04841e-12 0.000294667
1.3074e-11 0.000294667
-5.24381e-12 0.000294667
-8.33822e-12 0.000294667
1.21716e-11 0.000294667
-2.39808e-12 0.000294667
-9.8197e-12 0.000294667
1.1255e-11 0.000294667
-1.58806e-12 0.000294667
-9.14113e-12 0.000294667
1.12159e-11 0.000294667
-3.22586e-12 0.000294667
-7.18359e-12 0.000294667
1.15712e-11 0.000294667
-6.65779e-12 0.000294667
-3.21876e-12 0.000294667
1.112e-11 0.000294667
-9.57101e-12 0.000294667
1.63425e-13 0.000294667
9.34364e-12 0.000294667
-1.12337e-11 0.000294667
4.63274e-12 0.000294667
4.53326e-12 0.000294667
-9.9476e-12 0.000294667
9.7593e-12 0.000294667
-4.91696e-12 0.000294667
-3.12639e-12 0.000294667
9.33653e-12 0.000294667
-1.04095e-11 0.000294667
6.75371e-12 0.000294667
-9.9476e-13 0.000294667
-5.31841e-12 0.000294667
9.7593e-12 0.000294667
-1.02283e-11 0.000294667
6.19238e-12 0.000294667
-5.32907e-14 0.000294667
-5.9508e-12 0.000294667
9.93339e-12 0.000294667
-9.4893e-12 0.000294667
5.60618e-12 0.000294667
2.16716e-13 0.000294667
-5.6346e-12 0.000294667
9.14824e-12 0.000294667
-9.16955e-12 0.000294667
5.71987e-12 0.000294667
-3.09086e-13 0.000294667
-5.59197e-12 0.000294667
9.08074e-12 0.000294667
-9.03455e-12 0.000294667
5.26512e-12 0.000294667
7.14095e-13 0.000294667
-6.04672e-12 0.000294667
8.95994e-12 0.000294667
-8.10374e-12 0.000294667
3.39284e-12 0.000294667
2.85638e-12 0.000294667
-7.44294e-12 0.000294667
8.67928e-12 0.000294667
-5.74829e-12 0.000294667
-5.08038e-13 0.000294667
6.53344e-12 0.000294667
-8.71836e-12 0.000294667
6.32028e-12 0.000294667
-6.57252e-13 0.000294667
-5.54223e-12 0.000294667
8.68283e-12 0.000294667
-7.18359e-12 0.000294667
1.58096e-12 0.000294667
5.05551e-12 0.000294667
-8.35598e-12 0.000294667
7.40386e-12 0.000294667
-2.59348e-12 0.000294667
-3.97904e-12 0.000294667
8.33467e-12 0.000294667
-7.96163e-12 0.000294667
3.27205e-12 0.000294667
3.471e-12 0.000294667
-7.75202e-12 0.000294667
8.06821e-12 0.000294667
-4.3805e-12 0.000294667
-2.23821e-12 0.000294667
7.53175e-12 0.000294667
-8.58336e-12 0.000294667
4.85656e-12 0.000294667
1.71241e-12 0.000294667
-7.04503e-12 0.000294667
8.3098e-12 0.000294667
-5.19407e-12 0.000294667
-1.58806e-12 0.000294667
7.43583e-12 0.000294667
-8.23164e-12 0.000294667
3.89022e-12 0.000294667
3.16547e-12 0.000294667
-7.61347e-12 0.000294667
7.41807e-12 0.000294667
-2.70362e-12 0.000294667
-4.23839e-12 0.000294667
8.22808e-12 0.000294667
-6.95977e-12 0.000294667
6.39488e-13 0.000294667
6.2883e-12 0.000294667
-8.23519e-12 0.000294667
4.34852e-12 0.000294667
2.82441e-12 0.000294667
-7.40741e-12 0.000294667
6.8141e-12 0.000294667
-1.10845e-12 0.000294667
-5.695e-12 0.000294667
7.74492e-12 0.000294667
-3.58469e-12 0.000294667
-3.85469e-12 0.000294667
8.03269e-12 0.000294667
-5.4996e-12 0.000294667
-2.0357e-12 0.000294667
7.62768e-12 0.000294667
-6.65423e-12 0.000294667
-2.20268e-13 0.000294667
6.93845e-12 0.000294667
-7.35767e-12 0.000294667
9.76996e-13 0.000294667
6.23857e-12 0.000294667
-7.3932e-12 0.000294667
1.34648e-12 0.000294667
6.11067e-12 0.000294667
-7.43228e-12 0.000294667
1.55254e-12 0.000294667
6.02896e-12 0.000294667
-7.1978e-12 0.000294667
4.86722e-13 0.000294667
6.63292e-12 0.000294667
-6.25633e-12 0.000294667
-1.26832e-12 0.000294667
7.30793e-12 0.000294667
-4.68248e-12 0.000294667
-3.30402e-12 0.000294667
6.99885e-12 0.000294667
-2.22755e-12 0.000294667
-5.31486e-12 0.000294667
5.72342e-12 0.000294667
1.42464e-12 0.000294667
-6.76792e-12 0.000294667
3.60956e-12 0.000294667
4.33786e-12 0.000294667
-6.88871e-12 0.000294667
7.28306e-13 0.000294667
6.46949e-12 0.000294667
-4.89209e-12 0.000294667
-2.9452e-12 0.000294667
6.64357e-12 0.000294667
-1.22924e-12 0.000294667
-5.75184e-12 0.000294667
4.95604e-12 0.000294667
2.69651e-12 0.000294667
-6.68976e-12 0.000294667
1.5703e-12 0.000294667
5.75184e-12 0.000294667
-4.45155e-12 0.000294667
-3.20455e-12 0.000294667
6.0254e-12 0.000294667
-1.10134e-13 0.000294667
-5.88329e-12 0.000294667
3.43903e-12 0.000294667
4.28457e-12 0.000294667
-6.03251e-12 0.000294667
-9.73444e-13 0.000294667
6.38423e-12 0.000294667
-2.57216e-12 0.000294667
-4.66116e-12 0.000294667
4.73221e-12 0.000294667
2.21334e-12 0.000294667
-6.14619e-12 0.000294667
1.35003e-12 0.000294667
5.65592e-12 0.000294667
-4.6434e-12 0.000294667
-2.91323e-12 0.000294667
5.95435e-12 0.000294667
-4.61853e-13 0.000294667
-5.7554e-12 0.000294667
3.70548e-12 0.000294667
3.97193e-12 0.000294667
-6.2812e-12 0.000294667
-3.6593e-13 0.000294667
6.44107e-12 0.000294667
-3.1406e-12 0.000294667
-4.43734e-12 0.000294667
5.17275e-12 0.000294667
1.79412e-12 0.000294667
-6.25278e-12 0.000294667
1.5099e-12 0.000294667
5.45342e-12 0.000294667
-4.718e-12 0.000294667
-2.90967e-12 0.000294667
6.17817e-12 0.000294667
-3.41061e-13 0.000294667
-5.81579e-12 0.000294667
3.71259e-12 0.000294667
4.24905e-12 0.000294667
-6.10001e-12 0.000294667
-8.56204e-13 0.000294667
6.48726e-12 0.000294667
-2.6823e-12 0.000294667
-4.718e-12 0.000294667
4.86367e-12 0.000294667
2.10676e-12 0.000294667
-6.27409e-12 0.000294667
1.44951e-12 0.000294667
5.57421e-12 0.000294667
-4.5155e-12 0.000294667
-2.93099e-12 0.000294667
6.01119e-12 0.000294667
-2.45137e-13 0.000294667
-6.00764e-12 0.000294667
3.36087e-12 0.000294667
4.42668e-12 0.000294667
-5.95435e-12 0.000294667
-1.00187e-12 0.000294667
6.4091e-12 0.000294667
-2.52243e-12 0.000294667
-4.76419e-12 0.000294667
4.89209e-12 0.000294667
2.43716e-12 0.000294667
-6.2137e-12 0.000294667
1.17595e-12 0.000294667
5.77316e-12 0.000294667
-4.49063e-12 0.000294667
-3.04468e-12 0.000294667
5.87974e-12 0.000294667
-1.81188e-13 0.000294667
-5.90106e-12 0.000294667
3.47455e-12 0.000294667
4.16023e-12 0.000294667
-6.00409e-12 0.000294667
-6.96332e-13 0.000294667
6.49081e-12 0.000294667
-2.70362e-12 0.000294667
-4.81037e-12 0.000294667
5.55289e-12 0.000294667
1.53833e-12 0.000294667
-6.60449e-12 0.000294667
2.39098e-12 0.000294667
5.4321e-12 0.000294667
-5.46052e-12 0.000294667
-2.27018e-12 0.000294667
6.4766e-12 0.000294667
-1.48148e-12 0.000294667
-5.55289e-12 0.000294667
4.8459e-12 0.000294667
2.76756e-12 0.000294667
-6.7466e-12 0.000294667
1.66622e-12 0.000294667
5.80513e-12 0.000294667
-5.14433e-12 0.000294667
-2.62901e-12 0.000294667
6.30962e-12 0.000294667
-7.88702e-13 0.000294667
-5.72342e-12 0.000294667
4.40536e-12 0.000294667
3.39639e-12 0.000294667
-6.42686e-12 0.000294667
1.63425e-13 0.000294667
6.44818e-12 0.000294667
-3.71614e-12 0.000294667
-4.01101e-12 0.000294667
5.8975e-12 0.000294667
8.02913e-13 0.000294667
-6.41265e-12 0.000294667
3.24718e-12 0.000294667
4.56524e-12 0.000294667
-6.38778e-12 0.000294667
-6.92779e-13 0.000294667
6.65779e-12 0.000294667
-3.29337e-12 0.000294667
-4.56879e-12 0.000294667
5.63816e-12 0.000294667
1.34293e-12 0.000294667
-6.3558e-12 0.000294667
2.09255e-12 0.000294667
5.51026e-12 0.000294667
-5.33973e-12 0.000294667
-2.24532e-12 0.000294667
6.4091e-12 0.000294667
-1.26121e-12 0.000294667
-5.45697e-12 0.000294667
4.70379e-12 0.000294667
3.09797e-12 0.000294667
-6.807e-12 0.000294667
1.28964e-12 0.000294667
6.02185e-12 0.000294667
-5.14788e-12 0.000294667
-2.48335e-12 0.000294667
6.8141e-12 0.000294667
-2.08189e-12 0.000294667
-5.3042e-12 0.000294667
5.46407e-12 0.000294667
1.79057e-12 0.000294667
-6.70752e-12 0.000294667
2.25953e-12 0.000294667
5.42144e-12 0.000294667
-5.72697e-12 0.000294667
-1.8332e-12 0.000294667
6.71108e-12 0.000294667
-2.69296e-12 0.000294667
-4.89564e-12 0.000294667
5.55644e-12 0.000294667
1.28608e-12 0.000294667
-6.6116e-12 0.000294667
3.31468e-12 0.000294667
4.48352e-12 0.000294667
-6.68265e-12 0.000294667
1.1724e-13 0.000294667
6.54055e-12 0.000294667
-4.18865e-12 0.000294667
-3.68772e-12 0.000294667
6.2137e-12 0.000294667
-1.42109e-14 0.000294667
-6.25278e-12 0.000294667
3.58114e-12 0.000294667
4.31299e-12 0.000294667
-6.23146e-12 0.000294667
-8.41993e-13 0.000294667
6.55831e-12 0.000294667
-2.89546e-12 0.000294667
-4.81748e-12 0.000294667
5.06262e-12 0.000294667
2.05702e-12 0.000294667
-6.47304e-12 0.000294667
1.59872e-12 0.000294667
5.71276e-12 0.000294667
-4.70024e-12 0.000294667
-2.90967e-12 0.000294667
6.13198e-12 0.000294667
-3.83693e-13 0.000294667
-5.88329e-12 0.000294667
3.71259e-12 0.000294667
4.16023e-12 0.000294667
-6.21014e-12 0.000294667
-7.21201e-13 0.000294667
6.62226e-12 0.000294667
-3.36087e-12 0.000294667
-4.17444e-12 0.000294667
5.72697e-12 0.000294667
1.0516e-12 0.000294667
-6.30962e-12 0.000294667
2.44782e-12 0.000294667
5.25091e-12 0.000294667
-5.46052e-12 0.000294667
-2.1636e-12 0.000294667
6.56897e-12 0.000294667
-1.6307e-12 0.000294667
-5.50671e-12 0.000294667
4.55458e-12 0.000294667
3.17613e-12 0.000294667
-6.60094e-12 0.000294667
7.56728e-13 0.000294667
6.23146e-12 0.000294667
-4.48352e-12 0.000294667
-3.41061e-12 0.000294667
6.09646e-12 0.000294667
6.39488e-14 0.000294667
-6.08225e-12 0.000294667
3.30047e-12 0.000294667
4.45155e-12 0.000294667
-5.98632e-12 0.000294667
-1.1795e-12 0.000294667
6.64002e-12 0.000294667
-2.70717e-12 0.000294667
-4.92406e-12 0.000294667
5.1763e-12 0.000294667
1.92557e-12 0.000294667
-6.56186e-12 0.000294667
1.53833e-12 0.000294667
5.7554e-12 0.000294667
-5.18341e-12 0.000294667
-2.52953e-12 0.000294667
6.31672e-12 0.000294667
-8.10019e-13 0.000294667
-5.91882e-12 0.000294667
4.26681e-12 0.000294667
3.60245e-12 0.000294667
-6.65068e-12 0.000294667
7.53175e-13 0.000294667
6.08935e-12 0.000294667
-4.58655e-12 0.000294667
-3.25429e-12 0.000294667
6.04317e-12 0.000294667
3.01981e-13 0.000294667
-6.21014e-12 0.000294667
3.01625e-12 0.000294667
4.94893e-12 0.000294667
-5.78382e-12 0.000294667
-1.45306e-12 0.000294667
6.51923e-12 0.000294667
-2.1636e-12 0.000294667
-5.28644e-12 0.000294667
4.85301e-12 0.000294667
2.98073e-12 0.000294667
-6.76437e-12 0.000294667
1.112e-12 0.000294667
5.90816e-12 0.000294667
-5.57066e-12 0.000294667
-2.00018e-12 0.000294667
6.8141e-12 0.000294667
-2.44427e-12 0.000294667
-5.21183e-12 0.000294667
5.53158e-12 0.000294667
1.64846e-12 0.000294667
-6.76792e-12 0.000294667
2.64322e-12 0.000294667
5.26867e-12 0.000294667
-6.20659e-12 0.000294667
-1.32161e-12 0.000294667
6.84963e-12 0.000294667
-3.02691e-12 0.000294667
-4.79616e-12 0.000294667
5.6275e-12 0.000294667
1.25766e-12 0.000294667
-6.6791e-12 0.000294667
2.90612e-12 0.000294667
5.11235e-12 0.000294667
-6.01474e-12 0.000294667
-1.22569e-12 0.000294667
6.75371e-12 0.000294667
-2.93809e-12 0.000294667
-4.85656e-12 0.000294667
5.70921e-12 0.000294667
1.12266e-12 0.000294667
-6.51923e-12 0.000294667
2.77822e-12 0.000294667
5.1088e-12 0.000294667
-6.02896e-12 0.000294667
-1.32516e-12 0.000294667
6.90648e-12 0.000294667
-3.606e-12 0.000294667
-4.18154e-12 0.000294667
6.17106e-12 0.000294667
3.12639e-13 0.000294667
-6.2883e-12 0.000294667
3.88667e-12 0.000294667
3.94351e-12 0.000294667
-6.68265e-12 0.000294667
2.52243e-13 0.000294667
6.46949e-12 0.000294667
-4.81748e-12 0.000294667
-2.95941e-12 0.000294667
6.60094e-12 0.000294667
-8.31335e-13 0.000294667
-5.85132e-12 0.000294667
4.24194e-12 0.000294667
3.65219e-12 0.000294667
-6.68621e-12 0.000294667
5.47118e-13 0.000294667
6.4162e-12 0.000294667
-4.61142e-12 0.000294667
-3.48876e-12 0.000294667
6.52989e-12 0.000294667
-8.10019e-13 0.000294667
-5.79092e-12 0.000294667
4.32721e-12 0.000294667
3.39639e-12 0.000294667
-6.40554e-12 0.000294667
2.52243e-13 0.000294667
6.36291e-12 0.000294667
-3.98259e-12 0.000294667
-3.85825e-12 0.000294667
5.87619e-12 0.000294667
6.14619e-13 0.000294667
-6.18883e-12 0.000294667
3.12284e-12 0.000294667
4.74643e-12 0.000294667
-5.5671e-12 0.000294667
-1.72307e-12 0.000294667
6.43752e-12 0.000294667
-1.7657e-12 0.000294667
-5.2367e-12 0.000294667
4.48352e-12 0.000294667
3.03757e-12 0.000294667
-6.36291e-12 0.000294667
6.50147e-13 0.000294667
6.12843e-12 0.000294667
-3.9293e-12 0.000294667
-3.60956e-12 0.000294667
5.67368e-12 0.000294667
6.03961e-13 0.000294667
-6.06093e-12 0.000294667
2.74625e-12 0.000294667
4.77485e-12 0.000294667
-5.6346e-12 0.000294667
-1.51701e-12 0.000294667
6.4091e-12 0.000294667
-1.85096e-12 0.000294667
-5.14788e-12 0.000294667
4.60432e-12 0.000294667
2.91678e-12 0.000294667
-6.59739e-12 0.000294667
9.52127e-13 0.000294667
6.26699e-12 0.000294667
-4.59721e-12 0.000294667
-3.35376e-12 0.000294667
5.9579e-12 0.000294667
2.13163e-14 0.000294667
-5.82645e-12 0.000294667
3.30402e-12 0.000294667
4.25615e-12 0.000294667
-5.70566e-12 0.000294667
-1.02673e-12 0.000294667
6.12133e-12 0.000294667
-2.47624e-12 0.000294667
-4.57234e-12 0.000294667
4.89919e-12 0.000294667
2.08544e-12 0.000294667
-6.19593e-12 0.000294667
1.28253e-12 0.000294667
5.54934e-12 0.000294667
-4.57234e-12 0.000294667
-2.77822e-12 0.000294667
5.92237e-12 0.000294667
-5.86198e-13 0.000294667
-5.51026e-12 0.000294667
3.54561e-12 0.000294667
4.06075e-12 0.000294667
-5.96501e-12 0.000294667
-7.60281e-13 0.000294667
6.32383e-12 0.000294667
-2.77112e-12 0.000294667
-4.55103e-12 0.000294667
4.95604e-12 0.000294667
1.97531e-12 0.000294667
-6.20304e-12 0.000294667
1.54188e-12 0.000294667
5.45697e-12 0.000294667
-4.90985e-12 0.000294667
-2.6148e-12 0.000294667
6.27054e-12 0.000294667
-9.87654e-13 0.000294667
-5.54579e-12 0.000294667
3.89377e-12 0.000294667
3.62377e-12 0.000294667
-6.14619e-12 0.000294667
-3.16192e-13 0.000294667
6.42686e-12 0.000294667
-3.23652e-12 0.000294667
-4.56524e-12 0.000294667
5.53868e-12 0.000294667
1.46727e-12 0.000294667
-6.4766e-12 0.000294667
2.42295e-12 0.000294667
5.21538e-12 0.000294667
-5.24736e-12 0.000294667
-2.08544e-12 0.000294667
6.28475e-12 0.000294667
-1.13687e-12 0.000294667
-5.45697e-12 0.000294667
4.06075e-12 0.000294667
3.52429e-12 0.000294667
-6.27409e-12 0.000294667
5.32907e-14 0.000294667
6.18527e-12 0.000294667
-3.61311e-12 0.000294667
-3.8618e-12 0.000294667
5.52447e-12 0.000294667
7.49623e-13 0.000294667
-6.04672e-12 0.000294667
2.59348e-12 0.000294667
4.8388e-12 0.000294667
-5.61684e-12 0.000294667
-1.5703e-12 0.000294667
6.30962e-12 0.000294667
-1.9007e-12 0.000294667
-5.09459e-12 0.000294667
4.62919e-12 0.000294667
2.71072e-12 0.000294667
-6.31672e-12 0.000294667
8.45546e-13 0.000294667
5.95435e-12 0.000294667
-4.25615e-12 0.000294667
-3.38574e-12 0.000294667
5.85132e-12 0.000294667
3.12639e-13 0.000294667
-5.99343e-12 0.000294667
2.97007e-12 0.000294667
4.56524e-12 0.000294667
-5.60973e-12 0.000294667
-1.43174e-12 0.000294667
6.32738e-12 0.000294667
-2.07478e-12 0.000294667
-4.89564e-12 0.000294667
4.62208e-12 0.000294667
2.66098e-12 0.000294667
-6.4162e-12 0.000294667
1.03029e-12 0.000294667
6.01474e-12 0.000294667
-4.77485e-12 0.000294667
-3.11928e-12 0.000294667
6.51568e-12 0.000294667
-1.11555e-12 0.000294667
-5.79448e-12 0.000294667
4.60432e-12 0.000294667
3.05889e-12 0.000294667
-6.87095e-12 0.000294667
1.36424e-12 0.000294667
5.9508e-12 0.000294667
-5.46763e-12 0.000294667
-2.58638e-12 0.000294667
6.50502e-12 0.000294667
-9.27258e-13 0.000294667
-5.67368e-12 0.000294667
3.93641e-12 0.000294667
3.6664e-12 0.000294667
-6.50147e-12 0.000294667
3.2685e-13 0.000294667
6.52278e-12 0.000294667
-4.33786e-12 0.000294667
