-2.74028e-10 0.000196446
6.18599e-11 0.000196446
2.46384e-10 0.000196446
-1.81238e-10 0.000196446
-1.57574e-10 0.000196446
2.52978e-10 0.000196446
3.8046e-11 0.000196446
-2.718e-10 0.000196446
9.08962e-11 0.000196446
2.31456e-10 0.000196446
-2.03784e-10 0.000196446
-1.31422e-10 0.000196446
2.6365e-10 0.000196446
6.86029e-12 0.000196446
-2.67004e-10 0.000196446
1.19709e-10 0.000196446
2.13529e-10 0.000196446
-2.24592e-10 0.000196446
-1.03956e-10 0.000196446
2.71204e-10 0.000196446
-2.38529e-11 0.000196446
-2.59579e-10 0.000196446
1.45569e-10 0.000196446
1.93751e-10 0.000196446
-2.40242e-10 0.000196446
-7.78577e-11 0.000196446
2.74685e-10 0.000196446
-5.23848e-11 0.000196446
-2.48793e-10 0.000196446
1.68914e-10 0.000196446
1.7161e-10 0.000196446
-2.52751e-10 0.000196446
-5.08393e-11 0.000196446
2.75531e-10 0.000196446
-7.92078e-11 0.000196446
-2.36508e-10 0.000196446
1.89065e-10 0.000196446
1.50184e-10 0.000196446
-2.6219e-10 0.000196446
-2.51319e-11 0.000196446
2.74103e-10 0.000196446
-1.04176e-10 0.000196446
-2.23345e-10 0.000196446
2.06462e-10 0.000196446
1.29454e-10 0.000196446
-2.6925e-10 0.000196446
-2.18137e-12 0.000196446
2.70287e-10 0.000196446
-1.25265e-10 0.000196446
-2.09237e-10 0.000196446
2.20272e-10 0.000196446
1.07224e-10 0.000196446
-2.73442e-10 0.000196446
2.24176e-11 0.000196446
2.638e-10 0.000196446
-1.4693e-10 0.000196446
-1.9228e-10 0.000196446
2.34369e-10 0.000196446
8.41247e-11 0.000196446
-2.75687e-10 0.000196446
4.55387e-11 0.000196446
2.55397e-10 0.000196446
-1.67176e-10 0.000196446
-1.7431e-10 0.000196446
2.46416e-10 0.000196446
6.02007e-11 0.000196446
-2.76025e-10 0.000196446
6.90079e-11 0.000196446
2.46082e-10 0.000196446
-1.85448e-10 0.000196446
-1.56209e-10 0.000196446
2.55628e-10 0.000196446
3.73639e-11 0.000196446
-2.74138e-10 0.000196446
9.03491e-11 0.000196446
2.34529e-10 0.000196446
-2.02853e-10 0.000196446
-1.36392e-10 0.000196446
2.63853e-10 0.000196446
1.4456e-11 0.000196446
-2.70759e-10 0.000196446
1.11058e-10 0.000196446
2.21977e-10 0.000196446
-2.1765e-10 0.000196446
-1.16966e-10 0.000196446
2.69296e-10 0.000196446
-8.59757e-12 0.000196446
-2.65242e-10 0.000196446
1.31617e-10 0.000196446
2.07393e-10 0.000196446
-2.31331e-10 0.000196446
-9.69038e-11 0.000196446
2.73271e-10 0.000196446
-3.04006e-11 0.000196446
-2.58659e-10 0.000196446
1.49953e-10 0.000196446
1.91438e-10 0.000196446
-2.4254e-10 0.000196446
-7.60743e-11 0.000196446
2.75776e-10 0.000196446
-5.25695e-11 0.000196446
-2.49806e-10 0.000196446
1.68363e-10 0.000196446
1.73944e-10 0.000196446
-2.52456e-10 0.000196446
-5.45768e-11 0.000196446
2.76781e-10 0.000196446
-7.42588e-11 0.000196446
-2.40142e-10 0.000196446
1.84567e-10 0.000196446
1.57097e-10 0.000196446
-2.59838e-10 0.000196446
-3.38041e-11 0.000196446
2.75062e-10 0.000196446
-9.57385e-11 0.000196446
-2.28223e-10 0.000196446
2.00412e-10 0.000196446
1.36698e-10 0.000196446
-2.66773e-10 0.000196446
-1.05693e-11 0.000196446
2.71669e-10 0.000196446
-1.18138e-10 0.000196446
-2.13554e-10 0.000196446
2.16303e-10 0.000196446
1.14273e-10 0.000196446
-2.7261e-10 0.000196446
1.36282e-11 0.000196446
2.66212e-10 0.000196446
-1.39888e-10 0.000196446
-1.9822e-10 0.000196446
2.30038e-10 0.000196446
9.20508e-11 0.000196446
-2.75371e-10 0.000196446
3.7339e-11 0.000196446
2.58673e-10 0.000196446
-1.60092e-10 0.000196446
-1.81224e-10 0.000196446
2.42103e-10 0.000196446
6.91465e-11 0.000196446
-2.76327e-10 0.000196446
5.98703e-11 0.000196446
2.50061e-10 0.000196446
-1.78581e-10 0.000196446
-1.63563e-10 0.000196446
2.52324e-10 0.000196446
4.70237e-11 0.000196446
-2.75691e-10 0.000196446
8.07461e-11 0.000196446
2.39893e-10 0.000196446
-1.95197e-10 0.000196446
-1.46326e-10 0.000196446
2.60204e-10 0.000196446
2.60485e-11 0.000196446
-2.72692e-10 0.000196446
1.00588e-10 0.000196446
2.28294e-10 0.000196446
-2.10374e-10 0.000196446
-1.267e-10 0.000196446
2.66617e-10 0.000196446
2.59703e-12 0.000196446
-2.67661e-10 0.000196446
1.22235e-10 0.000196446
2.13507e-10 0.000196446
-2.25594e-10 0.000196446
-1.05569e-10 0.000196446
2.71886e-10 0.000196446
-2.13483e-11 0.000196446
-2.61338e-10 0.000196446
1.42613e-10 0.000196446
1.97545e-10 0.000196446
-2.38412e-10 0.000196446
-8.41212e-11 0.000196446
2.75065e-10 0.000196446
-4.39897e-11 0.000196446
-2.52992e-10 0.000196446
1.61769e-10 0.000196446
1.79597e-10 0.000196446
-2.48999e-10 0.000196446
-6.03109e-11 0.000196446
2.76358e-10 0.000196446
-6.91465e-11 0.000196446
-2.42295e-10 0.000196446
1.811e-10 0.000196446
1.6006e-10 0.000196446
-2.58808e-10 0.000196446
-3.71401e-11 0.000196446
2.75833e-10 0.000196446
-9.17382e-11 0.000196446
-2.30624e-10 0.000196446
1.97726e-10 0.000196446
1.40719e-10 0.000196446
-2.65803e-10 0.000196446
-1.52696e-11 0.000196446
2.72614e-10 0.000196446
-1.1357e-10 0.000196446
-2.16566e-10 0.000196446
2.13053e-10 0.000196446
1.18849e-10 0.000196446
-2.71491e-10 0.000196446
9.31877e-12 0.000196446
2.67327e-10 0.000196446
-1.35934e-10 0.000196446
-2.01698e-10 0.000196446
2.27374e-10 0.000196446
9.71845e-11 0.000196446
-2.7525e-10 0.000196446
3.15588e-11 0.000196446
2.61274e-10 0.000196446
-1.54447e-10 0.000196446
-1.86734e-10 0.000196446
2.38806e-10 0.000196446
7.67209e-11 0.000196446
-2.76394e-10 0.000196446
5.23492e-11 0.000196446
2.53692e-10 0.000196446
-1.71806e-10 0.000196446
-1.71003e-10 0.000196446
2.48402e-10 0.000196446
5.68043e-11 0.000196446
-2.76149e-10 0.000196446
7.15659e-11 0.000196446
2.4469e-10 0.000196446
-1.87697e-10 0.000196446
-1.54401e-10 0.000196446
2.56595e-10 0.000196446
3.53886e-11 0.000196446
-2.7417e-10 0.000196446
9.18838e-11 0.000196446
2.34337e-10 0.000196446
-2.034e-10 0.000196446
-1.36033e-10 0.000196446
2.64091e-10 0.000196446
1.37916e-11 0.000196446
-2.70646e-10 0.000196446
1.11545e-10 0.000196446
2.21458e-10 0.000196446
-2.18261e-10 0.000196446
-1.16362e-10 0.000196446
2.6953e-10 0.000196446
-8.84981e-12 0.000196446
-2.65143e-10 0.000196446
1.32012e-10 0.000196446
2.06256e-10 0.000196446
-2.31971e-10 0.000196446
-9.54969e-11 0.000196446
2.73662e-10 0.000196446
-3.21378e-11 0.000196446
-2.5759e-10 0.000196446
1.51918e-10 0.000196446
1.89853e-10 0.000196446
-2.43492e-10 0.000196446
-7.3701e-11 0.000196446
2.75978e-10 0.000196446
-5.51026e-11 0.000196446
-2.49042e-10 0.000196446
1.69926e-10 0.000196446
1.72445e-10 0.000196446
-2.53213e-10 0.000196446
-5.21396e-11 0.000196446
2.76465e-10 0.000196446
-7.70726e-11 0.000196446
-2.38302e-10 0.000196446
1.87136e-10 0.000196446
1.53587e-10 0.000196446
-2.61476e-10 0.000196446
-2.99352e-11 0.000196446
2.75026e-10 0.000196446
-9.89608e-11 0.000196446
-2.26734e-10 0.000196446
2.02792e-10 0.000196446
1.35394e-10 0.000196446
-2.67686e-10 0.000196446
-9.17311e-12 0.000196446
2.71609e-10 0.000196446
-1.19041e-10 0.000196446
-2.13493e-10 0.000196446
2.16733e-10 0.000196446
1.14444e-10 0.000196446
-2.7261e-10 0.000196446
1.33618e-11 0.000196446
2.66517e-10 0.000196446
-1.38861e-10 0.000196446
-1.99122e-10 0.000196446
2.29303e-10 0.000196446
9.32729e-11 0.000196446
-2.7546e-10 0.000196446
3.58078e-11 0.000196446
2.59288e-10 0.000196446
-1.58451e-10 0.000196446
-1.83146e-10 0.000196446
2.40952e-10 0.000196446
7.14628e-11 0.000196446
-2.76067e-10 0.000196446
5.85558e-11 0.000196446
2.49923e-10 0.000196446
-1.78282e-10 0.000196446
-1.63361e-10 0.000196446
2.52157e-10 0.000196446
4.67999e-11 0.000196446
-2.75342e-10 0.000196446
8.10623e-11 0.000196446
2.39847e-10 0.000196446
-1.95243e-10 0.000196446
-1.44475e-10 0.000196446
2.60368e-10 0.000196446
2.29932e-11 0.000196446
-2.71445e-10 0.000196446
1.0488e-10 0.000196446
2.25093e-10 0.000196446
-2.13522e-10 0.000196446
-1.20888e-10 0.000196446
2.67733e-10 0.000196446
-4.77485e-12 0.000196446
-2.65526e-10 0.000196446
1.29297e-10 0.000196446
2.08232e-10 0.000196446
-2.30031e-10 0.000196446
-9.72697e-11 0.000196446
2.7309e-10 0.000196446
-3.04432e-11 0.000196446
-2.57891e-10 0.000196446
1.50752e-10 0.000196446
1.89821e-10 0.000196446
-2.43094e-10 0.000196446
-7.37614e-11 0.000196446
2.75826e-10 0.000196446
-5.54756e-11 0.000196446
-2.48885e-10 0.000196446
1.70388e-10 0.000196446
1.71902e-10 0.000196446
-2.53475e-10 0.000196446
-5.15961e-11 0.000196446
2.76373e-10 0.000196446
-7.78471e-11 0.000196446
-2.37851e-10 0.000196446
1.87875e-10 0.000196446
1.52898e-10 0.000196446
-2.61686e-10 0.000196446
-2.93028e-11 0.000196446
2.75044e-10 0.000196446
-9.95861e-11 0.000196446
-2.25793e-10 0.000196446
2.03173e-10 0.000196446
1.32474e-10 0.000196446
-2.68106e-10 0.000196446
-5.53513e-12 0.000196446
2.70944e-10 0.000196446
-1.22252e-10 0.000196446
-2.11536e-10 0.000196446
2.18645e-10 0.000196446
1.1185e-10 0.000196446
-2.73008e-10 0.000196446
1.62217e-11 0.000196446
2.65668e-10 0.000196446
-1.41561e-10 0.000196446
-1.97367e-10 0.000196446
2.30848e-10 0.000196446
9.139e-11 0.000196446
-2.75708e-10 0.000196446
3.74172e-11 0.000196446
2.59128e-10 0.000196446
-1.5957e-10 0.000196446
-1.82691e-10 0.000196446
2.41688e-10 0.000196446
7.1612e-11 0.000196446
-2.76781e-10 0.000196446
5.65912e-11 0.000196446
2.51426e-10 0.000196446
-1.75113e-10 0.000196446
-1.65933e-10 0.000196446
2.50814e-10 0.000196446
4.93579e-11 0.000196446
-2.75481e-10 0.000196446
7.92042e-11 0.000196446
2.40728e-10 0.000196446
-1.93953e-10 0.000196446
-1.47015e-10 0.000196446
2.5986e-10 0.000196446
2.63221e-11 0.000196446
-2.72454e-10 0.000196446
1.00755e-10 0.000196446
2.28205e-10 0.000196446
-2.10804e-10 0.000196446
-1.2605e-10 0.000196446
2.67065e-10 0.000196446
2.28795e-12 0.000196446
-2.68514e-10 0.000196446
1.2156e-10 0.000196446
2.15188e-10 0.000196446
-2.24446e-10 0.000196446
-1.07327e-10 0.000196446
2.71502e-10 0.000196446
-1.96891e-11 0.000196446
-2.6192e-10 0.000196446
1.41135e-10 0.000196446
1.98565e-10 0.000196446
-2.372e-10 0.000196446
-8.46718e-11 0.000196446
2.74671e-10 0.000196446
-4.42988e-11 0.000196446
-2.52388e-10 0.000196446
1.62508e-10 0.000196446
1.78623e-10 0.000196446
-2.49379e-10 0.000196446
-5.91633e-11 0.000196446
2.75822e-10 0.000196446
-7.0699e-11 0.000196446
-2.41325e-10 0.000196446
1.82414e-10 0.000196446
1.58661e-10 0.000196446
-2.59263e-10 0.000196446
-3.55023e-11 0.000196446
2.75261e-10 0.000196446
-9.40723e-11 0.000196446
-2.2877e-10 0.000196446
1.99556e-10 0.000196446
1.3809e-10 0.000196446
-2.66763e-10 0.000196446
-1.20224e-11 0.000196446
2.72198e-10 0.000196446
-1.16369e-10 0.000196446
-2.15945e-10 0.000196446
2.14296e-10 0.000196446
1.18721e-10 0.000196446
-2.72028e-10 0.000196446
8.41638e-12 0.000196446
2.6828e-10 0.000196446
-1.34257e-10 0.000196446
-2.0335e-10 0.000196446
2.25931e-10 0.000196446
9.99769e-11 0.000196446
-2.74959e-10 0.000196446
2.86846e-11 0.000196446
2.62446e-10 0.000196446
-1.51982e-10 0.000196446
-1.8883e-10 0.000196446
2.37229e-10 0.000196446
7.94351e-11 0.000196446
-2.76529e-10 0.000196446
4.93223e-11 0.000196446
2.54687e-10 0.000196446
-1.69592e-10 0.000196446
-1.73142e-10 0.000196446
2.47063e-10 0.000196446
5.89111e-11 0.000196446
-2.76124e-10 0.000196446
7.00311e-11 0.000196446
2.4513e-10 0.000196446
-1.8704e-10 0.000196446
-1.54245e-10 0.000196446
2.56616e-10 0.000196446
3.54454e-11 0.000196446
-2.73538e-10 0.000196446
9.29852e-11 0.000196446
2.33126e-10 0.000196446
-2.04697e-10 0.000196446
-1.34218e-10 0.000196446
2.64446e-10 0.000196446
1.09672e-11 0.000196446
-2.69683e-10 0.000196446
1.14575e-10 0.000196446
2.19501e-10 0.000196446
-2.20258e-10 0.000196446
-1.14461e-10 0.000196446
2.70219e-10 0.000196446
-1.05338e-11 0.000196446
-2.64901e-10 0.000196446
1.32964e-10 0.000196446
2.05524e-10 0.000196446
-2.32561e-10 0.000196446
-9.4488e-11 0.000196446
2.73879e-10 0.000196446
-3.3161e-11 0.000196446
-2.57202e-10 0.000196446
1.52834e-10 0.000196446
1.89001e-10 0.000196446
-2.43677e-10 0.000196446
-7.21911e-11 0.000196446
2.75918e-10 0.000196446
-5.72662e-11 0.000196446
-2.47525e-10 0.000196446
1.72115e-10 0.000196446
1.70161e-10 0.000196446
-2.54264e-10 0.000196446
-4.9841e-11 0.000196446
2.7666e-10 0.000196446
-7.89377e-11 0.000196446
-2.37264e-10 0.000196446
1.88429e-10 0.000196446
1.5152e-10 0.000196446
-2.62094e-10 0.000196446
-2.65956e-11 0.000196446
2.74273e-10 0.000196446
-1.02599e-10 0.000196446
-2.24031e-10 0.000196446
2.0524e-10 0.000196446
1.30591e-10 0.000196446
-2.68994e-10 0.000196446
-3.59535e-12 0.000196446
2.70646e-10 0.000196446
-1.24007e-10 0.000196446
-2.10349e-10 0.000196446
2.19405e-10 0.000196446
1.09502e-10 0.000196446
-2.73182e-10 0.000196446
1.96039e-11 0.000196446
2.64073e-10 0.000196446
-1.45324e-10 0.000196446
-1.94039e-10 0.000196446
2.33172e-10 0.000196446
8.66542e-11 0.000196446
-2.75719e-10 0.000196446
4.26787e-11 0.000196446
2.56929e-10 0.000196446
-1.64651e-10 0.000196446
-1.77707e-10 0.000196446
2.44025e-10 0.000196446
6.46239e-11 0.000196446
-2.76248e-10 0.000196446
6.43361e-11 0.000196446
2.48065e-10 0.000196446
-1.82069e-10 0.000196446
-1.60103e-10 0.000196446
2.53927e-10 0.000196446
4.22418e-11 0.000196446
-2.74596e-10 0.000196446
8.58513e-11 0.000196446
2.37073e-10 0.000196446
-1.99275e-10 0.000196446
-1.40297e-10 0.000196446
2.62045e-10 0.000196446
1.82467e-11 0.000196446
-2.71168e-10 0.000196446
1.07978e-10 0.000196446
2.23867e-10 0.000196446
-2.15802e-10 0.000196446
-1.20057e-10 0.000196446
2.6898e-10 0.000196446
-4.2526e-12 0.000196446
-2.66741e-10 0.000196446
1.2739e-10 0.000196446
2.10687e-10 0.000196446
-2.28574e-10 0.000196446
-1.01803e-10 0.000196446
2.72784e-10 0.000196446
-2.49223e-11 0.000196446
-2.5997e-10 0.000196446
1.46052e-10 0.000196446
1.94554e-10 0.000196446
-2.40409e-10 0.000196446
-8.02522e-11 0.000196446
2.75826e-10 0.000196446
-4.76028e-11 0.000196446
-2.51855e-10 0.000196446
1.6378e-10 0.000196446
1.77355e-10 0.000196446
-2.50449e-10 0.000196446
-5.82006e-11 0.000196446
2.7649e-10 0.000196446
-7.1168e-11 0.000196446
-2.41677e-10 0.000196446
1.82315e-10 0.000196446
1.58945e-10 0.000196446
-2.59234e-10 0.000196446
-3.58646e-11 0.000196446
2.75143e-10 0.000196446
-9.38307e-11 0.000196446
-2.29232e-10 0.000196446
1.9919e-10 0.000196446
1.38407e-10 0.000196446
-2.66571e-10 0.000196446
-1.26548e-11 0.000196446
2.72451e-10 0.000196446
-1.15559e-10 0.000196446
-2.16041e-10 0.000196446
2.14172e-10 0.000196446
1.18227e-10 0.000196446
-2.71925e-10 0.000196446
9.56035e-12 0.000196446
2.67448e-10 0.000196446
-1.35689e-10 0.000196446
-2.01364e-10 0.000196446
2.27232e-10 0.000196446
9.63958e-11 0.000196446
-2.74984e-10 0.000196446
3.25393e-11 0.000196446
2.59956e-10 0.000196446
-1.56614e-10 0.000196446
-1.84318e-10 0.000196446
2.40266e-10 0.000196446
7.32641e-11 0.000196446
-2.76188e-10 0.000196446
5.61684e-11 0.000196446
2.51461e-10 0.000196446
-1.75792e-10 0.000196446
-1.66128e-10 0.000196446
2.51102e-10 0.000196446
5.05587e-11 0.000196446
-2.75609e-10 0.000196446
7.75273e-11 0.000196446
2.41851e-10 0.000196446
-1.92326e-10 0.000196446
-1.49072e-10 0.000196446
2.59174e-10 0.000196446
2.93632e-11 0.000196446
-2.72767e-10 0.000196446
9.81686e-11 0.000196446
2.29946e-10 0.000196446
-2.0863e-10 0.000196446
-1.28956e-10 0.000196446
2.66088e-10 0.000196446
5.11591e-12 0.000196446
-2.6856e-10 0.000196446
1.19925e-10 0.000196446
2.16364e-10 0.000196446
-2.23558e-10 0.000196446
-1.09122e-10 0.000196446
2.71235e-10 0.000196446
-1.68825e-11 0.000196446
-2.62716e-10 0.000196446
1.39107e-10 0.000196446
2.00433e-10 0.000196446
-2.36376e-10 0.000196446
-8.80576e-11 0.000196446
2.7481e-10 0.000196446
-3.93996e-11 0.000196446
-2.55774e-10 0.000196446
1.5703e-10 0.000196446
1.85224e-10 0.000196446
-2.45912e-10 0.000196446
-6.80025e-11 0.000196446
2.76351e-10 0.000196446
-6.13234e-11 0.000196446
-2.46533e-10 0.000196446
1.74552e-10 0.000196446
1.67358e-10 0.000196446
-2.55643e-10 0.000196446
-4.63913e-11 0.000196446
2.7627e-10 0.000196446
-8.3066e-11 0.000196446
-2.35293e-10 0.000196446
1.91541e-10 0.000196446
1.48464e-10 0.000196446
-2.63242e-10 0.000196446
-2.36469e-11 0.000196446
2.74092e-10 0.000196446
-1.05242e-10 0.000196446
-2.2273e-10 0.000196446
2.07073e-10 0.000196446
1.28672e-10 0.000196446
-2.69516e-10 0.000196446
-1.25056e-12 0.000196446
2.70198e-10 0.000196446
-1.25784e-10 0.000196446
-2.08935e-10 0.000196446
2.20865e-10 0.000196446
1.08635e-10 0.000196446
-2.73911e-10 0.000196446
1.94049e-11 0.000196446
2.6424e-10 0.000196446
-1.44777e-10 0.000196446
-1.94287e-10 0.000196446
2.33104e-10 0.000196446
8.67537e-11 0.000196446
-2.75946e-10 0.000196446
4.25153e-11 0.000196446
2.56733e-10 0.000196446
-1.64363e-10 0.000196446
-1.77362e-10 0.000196446
2.44633e-10 0.000196446
6.41371e-11 0.000196446
-2.76284e-10 0.000196446
6.48157e-11 0.000196446
2.47422e-10 0.000196446
-1.82855e-10 0.000196446
-1.58913e-10 0.000196446
2.54349e-10 0.000196446
4.05116e-11 0.000196446
-2.74149e-10 0.000196446
8.78977e-11 0.000196446
2.35456e-10 0.000196446
-2.01315e-10 0.000196446
-1.37998e-10 0.000196446
2.62869e-10 0.000196446
1.57492e-11 0.000196446
-2.70703e-10 0.000196446
1.10457e-10 0.000196446
2.22151e-10 0.000196446
-2.17714e-10 0.000196446
-1.17577e-10 0.000196446
2.69345e-10 0.000196446
-7.61702e-12 0.000196446
-2.65594e-10 0.000196446
1.30459e-10 0.000196446
2.08246e-10 0.000196446
-2.30301e-10 0.000196446
-9.76605e-11 0.000196446
2.73285e-10 0.000196446
-2.97184e-11 0.000196446
-2.58662e-10 0.000196446
1.49541e-10 0.000196446
1.91601e-10 0.000196446
-2.42345e-10 0.000196446
-7.5449e-11 0.000196446
2.75769e-10 0.000196446
-5.32694e-11 0.000196446
-2.49504e-10 0.000196446
1.68473e-10 0.000196446
1.73269e-10 0.000196446
-2.52733e-10 0.000196446
-5.30918e-11 0.000196446
2.76003e-10 0.000196446
-7.61808e-11 0.000196446
-2.37968e-10 0.000196446
1.86795e-10 0.000196446
1.52244e-10 0.000196446
-2.61206e-10 0.000196446
-2.72529e-11 0.000196446
2.74042e-10 0.000196446
-1.02268e-10 0.000196446
-2.24059e-10 0.000196446
2.05397e-10 0.000196446
1.30939e-10 0.000196446
-2.68905e-10 0.000196446
-4.28813e-12 0.000196446
2.70994e-10 0.000196446
-1.23272e-10 0.000196446
-2.10999e-10 0.000196446
2.19053e-10 0.000196446
1.11346e-10 0.000196446
-2.73268e-10 0.000196446
1.65983e-11 0.000196446
2.65331e-10 0.000196446
-1.42187e-10 0.000196446
-1.96398e-10 0.000196446
2.31381e-10 0.000196446
8.96847e-11 0.000196446
-2.75325e-10 0.000196446
4.03446e-11 0.000196446
2.57565e-10 0.000196446
-1.62899e-10 0.000196446
-1.78787e-10 0.000196446
2.43812e-10 0.000196446
6.62261e-11 0.000196446
-2.76454e-10 0.000196446
6.26699e-11 0.000196446
2.49013e-10 0.000196446
-1.80552e-10 0.000196446
-1.61666e-10 0.000196446
2.53113e-10 0.000196446
4.41389e-11 0.000196446
-2.74607e-10 0.000196446
8.46718e-11 0.000196446
2.37517e-10 0.000196446
-1.98739e-10 0.000196446
-1.40613e-10 0.000196446
2.62165e-10 0.000196446
1.88756e-11 0.000196446
-2.71157e-10 0.000196446
1.07661e-10 0.000196446
2.23693e-10 0.000196446
-2.15678e-10 0.000196446
-1.19588e-10 0.000196446
2.68834e-10 0.000196446
-5.06972e-12 0.000196446
-2.66496e-10 0.000196446
1.28161e-10 0.000196446
2.09855e-10 0.000196446
-2.29054e-10 0.000196446
-1.0029e-10 0.000196446
2.73062e-10 0.000196446
-2.65814e-11 0.000196446
-2.60115e-10 0.000196446
1.46578e-10 0.000196446
1.94408e-10 0.000196446
-2.40433e-10 0.000196446
-7.93143e-11 0.000196446
2.75428e-10 0.000196446
-4.96954e-11 0.000196446
-2.50953e-10 0.000196446
1.65983e-10 0.000196446
1.75685e-10 0.000196446
-2.51401e-10 0.000196446
-5.58877e-11 0.000196446
2.76536e-10 0.000196446
-7.31397e-11 0.000196446
-2.40867e-10 0.000196446
1.83764e-10 0.000196446
1.57687e-10 0.000196446
-2.60009e-10 0.000196446
-3.54667e-11 0.000196446
2.75556e-10 0.000196446
-9.38165e-11 0.000196446
-2.2952e-10 0.000196446
1.99019e-10 0.000196446
1.38701e-10 0.000196446
-2.6629e-10 0.000196446
-1.18696e-11 0.000196446
2.71999e-10 0.000196446
-1.16522e-10 0.000196446
-2.14985e-10 0.000196446
2.15032e-10 0.000196446
1.1693e-10 0.000196446
-2.71928e-10 0.000196446
1.14895e-11 0.000196446
2.6699e-10 0.000196446
-1.37586e-10 0.000196446
-2.00284e-10 0.000196446
2.28408e-10 0.000196446
9.5504e-11 0.000196446
-2.75179e-10 0.000196446
3.3495e-11 0.000196446
2.60197e-10 0.000196446
-1.56827e-10 0.000196446
-1.8472e-10 0.000196446
2.39936e-10 0.000196446
7.40776e-11 0.000196446
-2.76373e-10 0.000196446
5.51381e-11 0.000196446
2.52189e-10 0.000196446
-1.74296e-10 0.000196446
-1.68189e-10 0.000196446
2.49884e-10 0.000196446
5.24132e-11 0.000196446
-2.75548e-10 0.000196446
7.62554e-11 0.000196446
2.42025e-10 0.000196446
-1.9168e-10 0.000196446
-1.4882e-10 0.000196446
2.58979e-10 0.000196446
2.84288e-11 0.000196446
-2.72983e-10 0.000196446
9.87477e-11 0.000196446
2.29861e-10 0.000196446
-2.0886e-10 0.000196446
-1.2885e-10 0.000196446
2.66233e-10 0.000196446
5.24381e-12 0.000196446
-2.68884e-10 0.000196446
1.193e-10 0.000196446
2.16509e-10 0.000196446
-2.2294e-10 0.000196446
-1.09189e-10 0.000196446
2.71047e-10 0.000196446
-1.75646e-11 0.000196446
-2.62766e-10 0.000196446
1.39277e-10 0.000196446
2.0087e-10 0.000196446
-2.3612e-10 0.000196446
-8.81286e-11 0.000196446
2.74408e-10 0.000196446
-4.02878e-11 0.000196446
-2.54065e-10 0.000196446
1.58963e-10 0.000196446
1.82123e-10 0.000196446
-2.47574e-10 0.000196446
-6.34337e-11 0.000196446
2.75875e-10 0.000196446
-6.67697e-11 0.000196446
-2.42476e-10 0.000196446
1.80165e-10 0.000196446
1.60792e-10 0.000196446
-2.57938e-10 0.000196446
-3.77014e-11 0.000196446
2.75243e-10 0.000196446
-9.21752e-11 0.000196446
-2.30081e-10 0.000196446
1.98234e-10 0.000196446
1.39735e-10 0.000196446
-2.66134e-10 0.000196446
-1.34719e-11 0.000196446
2.72362e-10 0.000196446
-1.1519e-10 0.000196446
-2.1619e-10 0.000196446
2.13994e-10 0.000196446
1.1854e-10 0.000196446
-2.72042e-10 0.000196446
9.02389e-12 0.000196446
2.67708e-10 0.000196446
-1.35444e-10 0.000196446
-2.02316e-10 0.000196446
2.26947e-10 0.000196446
9.82574e-11 0.000196446
-2.75289e-10 0.000196446
2.99529e-11 0.000196446
2.61672e-10 0.000196446
-1.53253e-10 0.000196446
-1.87505e-10 0.000196446
2.37979e-10 0.000196446
7.75806e-11 0.000196446
-2.76355e-10 0.000196446
5.13687e-11 0.000196446
2.53806e-10 0.000196446
-1.71337e-10 0.000196446
-1.70868e-10 0.000196446
2.48509e-10 0.000196446
5.63816e-11 0.000196446
-2.75914e-10 0.000196446
7.26779e-11 0.000196446
2.44025e-10 0.000196446
-1.88855e-10 0.000196446
-1.52486e-10 0.000196446
2.57252e-10 0.000196446
3.31681e-11 0.000196446
-2.73452e-10 0.000196446
9.4655e-11 0.000196446
2.32568e-10 0.000196446
-2.05738e-10 0.000196446
-1.3311e-10 0.000196446
2.64805e-10 0.000196446
1.00115e-11 0.000196446
-2.69566e-10 0.000196446
1.15449e-10 0.000196446
2.1863e-10 0.000196446
-2.21224e-10 0.000196446
-1.12021e-10 0.000196446
2.70493e-10 0.000196446
-1.40581e-11 0.000196446
-2.63793e-10 0.000196446
1.36271e-10 0.000196446
2.0356e-10 0.000196446
-2.34131e-10 0.000196446
-9.16067e-11 0.000196446
2.74003e-10 0.000196446
-3.61595e-11 0.000196446
-2.56339e-10 0.000196446
1.54969e-10 0.000196446
1.86322e-10 0.000196446
-2.45471e-10 0.000196446
-6.9214e-11 0.000196446
2.76209e-10 0.000196446
-6.00515e-11 0.000196446
-2.46594e-10 0.000196446
1.74065e-10 0.000196446
1.67404e-10 0.000196446
-2.55358e-10 0.000196446
-4.58193e-11 0.000196446
2.75726e-10 0.000196446
-8.44942e-11 0.000196446
-2.33857e-10 0.000196446
1.92959e-10 0.000196446
1.46215e-10 0.000196446
-2.63693e-10 0.000196446
-2.0453e-11 0.000196446
2.73523e-10 0.000196446
-1.085e-10 0.000196446
-2.20243e-10 0.000196446
2.0955e-10 0.000196446
1.24224e-10 0.000196446
-2.70425e-10 0.000196446
3.8618e-12 0.000196446
2.68816e-10 0.000196446
-1.31109e-10 0.000196446
-2.05446e-10 0.000196446
2.23775e-10 0.000196446
1.02371e-10 0.000196446
-2.74092e-10 0.000196446
2.68301e-11 0.000196446
2.62215e-10 0.000196446
-1.5104e-10 0.000196446
-1.88852e-10 0.000196446
2.36859e-10 0.000196446
7.88276e-11 0.000196446
-2.76025e-10 0.000196446
5.05054e-11 0.000196446
2.5338e-10 0.000196446
-1.71706e-10 0.000196446
-1.70466e-10 0.000196446
2.4869e-10 0.000196446
5.5195e-11 0.000196446
-2.75815e-10 0.000196446
7.39142e-11 0.000196446
2.43354e-10 0.000196446
-1.90031e-10 0.000196446
-1.51768e-10 0.000196446
2.58034e-10 0.000196446
3.24327e-11 0.000196446
-2.73545e-10 0.000196446
9.506e-11 0.000196446
2.32383e-10 0.000196446
-2.05979e-10 0.000196446
-1.33351e-10 0.000196446
2.65089e-10 0.000196446
1.0921e-11 0.000196446
-2.69814e-10 0.000196446
1.14181e-10 0.000196446
2.19231e-10 0.000196446
-2.20155e-10 0.000196446
-1.1331e-10 0.000196446
2.69942e-10 0.000196446
-1.2701e-11 0.000196446
-2.63913e-10 0.000196446
1.3523e-10 0.000196446
2.04366e-10 0.000196446
-2.3369e-10 0.000196446
-9.31841e-11 0.000196446
2.74252e-10 0.000196446
-3.38929e-11 0.000196446
-2.57543e-10 0.000196446
1.52593e-10 0.000196446
1.88169e-10 0.000196446
