-7.69476e-09 0.000491107
1.87492e-09 0.000491107
6.81854e-09 0.000491107
-5.05887e-09 0.000491107
-4.45543e-09 0.000491107
7.13979e-09 0.000491107
1.1213e-09 0.000491107
-7.66327e-09 0.000491107
2.45958e-09 0.000491107
6.51476e-09 0.000491107
-5.50449e-09 0.000491107
-3.94471e-09 0.000491107
7.34796e-09 0.000491107
5.1185e-10 0.000491107
-7.58628e-09 0.000491107
3.03245e-09 0.000491107
6.16832e-09 0.000491107
-5.91444e-09 0.000491107
-3.40593e-09 0.000491107
7.50599e-09 0.000491107
-9.98703e-11 0.000491107
-7.45946e-09 0.000491107
3.58515e-09 0.000491107
5.78452e-09 0.000491107
-6.2884e-09 0.000491107
-2.8466e-09 0.000491107
7.61881e-09 0.000491107
-7.1271e-10 0.000491107
-7.28623e-09 0.000491107
4.11737e-09 0.000491107
5.36296e-09 0.000491107
-6.62258e-09 0.000491107
-2.26933e-09 0.000491107
7.683e-09 0.000491107
-1.32081e-09 0.000491107
-7.06646e-09 0.000491107
4.622e-09 0.000491107
4.90712e-09 0.000491107
-6.91473e-09 0.000491107
-1.67724e-09 0.000491107
7.69819e-09 0.000491107
-1.91931e-09 0.000491107
-6.80066e-09 0.000491107
5.09634e-09 0.000491107
4.42049e-09 0.000491107
-7.16131e-09 0.000491107
-1.07476e-09 0.000491107
7.66332e-09 0.000491107
-2.50579e-09 0.000491107
-6.49374e-09 0.000491107
5.53907e-09 0.000491107
3.90528e-09 0.000491107
-7.3629e-09 0.000491107
-4.65022e-10 0.000491107
7.58043e-09 0.000491107
-3.07573e-09 0.000491107
-6.14357e-09 0.000491107
5.94606e-09 0.000491107
3.36503e-09 0.000491107
-7.5174e-09 0.000491107
1.46585e-10 0.000491107
7.44927e-09 0.000491107
-3.62683e-09 0.000491107
-5.75452e-09 0.000491107
6.31538e-09 0.000491107
2.80344e-09 0.000491107
-7.62541e-09 0.000491107
7.59169e-10 0.000491107
7.27051e-09 0.000491107
-4.15637e-09 0.000491107
-5.32841e-09 0.000491107
6.64555e-09 0.000491107
2.22325e-09 0.000491107
-7.68487e-09 0.000491107
1.36714e-09 0.000491107
7.04616e-09 0.000491107
-4.65873e-09 0.000491107
-4.86968e-09 0.000491107
6.93365e-09 0.000491107
1.62903e-09 0.000491107
-7.69579e-09 0.000491107
1.96493e-09 0.000491107
6.77822e-09 0.000491107
-5.13104e-09 0.000491107
-4.38103e-09 0.000491107
7.17789e-09 0.000491107
1.02804e-09 0.000491107
-7.65807e-09 0.000491107
2.55004e-09 0.000491107
6.46629e-09 0.000491107
-5.56987e-09 0.000491107
-3.86414e-09 0.000491107
7.37487e-09 0.000491107
4.18339e-10 0.000491107
-7.57025e-09 0.000491107
3.11853e-09 0.000491107
6.1132e-09 0.000491107
-5.97421e-09 0.000491107
-3.32211e-09 0.000491107
7.52711e-09 0.000491107
-1.94927e-10 0.000491107
-7.43598e-09 0.000491107
3.66874e-09 0.000491107
5.72238e-09 0.000491107
-6.34206e-09 0.000491107
-2.75925e-09 0.000491107
7.63062e-09 0.000491107
-8.06079e-10 0.000491107
-7.25381e-09 0.000491107
4.19582e-09 0.000491107
5.29288e-09 0.000491107
-6.66836e-09 0.000491107
-2.17818e-09 0.000491107
7.68631e-09 0.000491107
-1.41329e-09 0.000491107
-7.02677e-09 0.000491107
4.69625e-09 0.000491107
4.83175e-09 0.000491107
-6.95313e-09 0.000491107
-1.58304e-09 0.000491107
7.6927e-09 0.000491107
-2.01183e-09 0.000491107
-6.75242e-09 0.000491107
5.16699e-09 0.000491107
4.33747e-09 0.000491107
-7.19351e-09 0.000491107
-9.76836e-10 0.000491107
7.65059e-09 0.000491107
-2.5976e-09 0.000491107
-6.43717e-09 0.000491107
5.60551e-09 0.000491107
3.81737e-09 0.000491107
-7.38905e-09 0.000491107
-3.65166e-10 0.000491107
7.55967e-09 0.000491107
-3.16719e-09 0.000491107
-6.07966e-09 0.000491107
6.00784e-09 0.000491107
3.27246e-09 0.000491107
-7.53686e-09 0.000491107
2.4858e-10 0.000491107
7.42061e-09 0.000491107
-3.71486e-09 0.000491107
-5.6848e-09 0.000491107
6.37086e-09 0.000491107
2.70829e-09 0.000491107
-7.63643e-09 0.000491107
8.59927e-10 0.000491107
7.23446e-09 0.000491107
-4.2394e-09 0.000491107
-5.25346e-09 0.000491107
6.69385e-09 0.000491107
2.12547e-09 0.000491107
-7.68677e-09 0.000491107
1.46636e-09 0.000491107
7.00134e-09 0.000491107
-4.73737e-09 0.000491107
-4.78845e-09 0.000491107
6.97492e-09 0.000491107
1.52964e-09 0.000491107
-7.69003e-09 0.000491107
2.06282e-09 0.000491107
6.72575e-09 0.000491107
-5.2047e-09 0.000491107
-4.29426e-09 0.000491107
7.21044e-09 0.000491107
9.25041e-10 0.000491107
-7.64302e-09 0.000491107
2.6462e-09 0.000491107
6.40596e-09 0.000491107
-5.63882e-09 0.000491107
-3.77155e-09 0.000491107
7.40131e-09 0.000491107
3.14106e-10 0.000491107
-7.54697e-09 0.000491107
3.21239e-09 0.000491107
6.04522e-09 0.000491107
-6.03618e-09 0.000491107
-3.22522e-09 0.000491107
7.54355e-09 0.000491107
-2.99536e-10 0.000491107
-7.40315e-09 0.000491107
3.75881e-09 0.000491107
5.64637e-09 0.000491107
-6.39652e-09 0.000491107
-2.65829e-09 0.000491107
7.63836e-09 0.000491107
-9.10827e-10 0.000491107
-7.2127e-09 0.000491107
4.2807e-09 0.000491107
5.21228e-09 0.000491107
-6.71571e-09 0.000491107
-2.07511e-09 0.000491107
7.68535e-09 0.000491107
-1.51574e-09 0.000491107
-6.97669e-09 0.000491107
4.77594e-09 0.000491107
4.74498e-09 0.000491107
-6.99219e-09 0.000491107
-1.47841e-09 0.000491107
7.68266e-09 0.000491107
-2.11086e-09 0.000491107
-6.69621e-09 0.000491107
5.23961e-09 0.000491107
4.24766e-09 0.000491107
-7.22412e-09 0.000491107
-8.71779e-10 0.000491107
7.63158e-09 0.000491107
-2.69322e-09 0.000491107
-6.37242e-09 0.000491107
5.67122e-09 0.000491107
3.72269e-09 0.000491107
-7.41029e-09 0.000491107
-2.60897e-10 0.000491107
7.53221e-09 0.000491107
-3.25807e-09 0.000491107
-6.0093e-09 0.000491107
6.06603e-09 0.000491107
3.17532e-09 0.000491107
-7.54883e-09 0.000491107
3.51605e-10 0.000491107
7.384e-09 0.000491107
-3.80145e-09 0.000491107
-5.60823e-09 0.000491107
6.42173e-09 0.000491107
2.60793e-09 0.000491107
-7.63995e-09 0.000491107
9.6178e-10 0.000491107
7.19097e-09 0.000491107
-4.32117e-09 0.000491107
-5.17194e-09 0.000491107
6.7379e-09 0.000491107
2.02364e-09 0.000491107
-7.68299e-09 0.000491107
1.56685e-09 0.000491107
6.95162e-09 0.000491107
-4.81474e-09 0.000491107
-4.70224e-09 0.000491107
7.01192e-09 0.000491107
1.42521e-09 0.000491107
-7.67758e-09 0.000491107
2.16193e-09 0.000491107
6.66726e-09 0.000491107
-5.27606e-09 0.000491107
-4.20186e-09 0.000491107
7.24015e-09 0.000491107
8.18797e-10 0.000491107
-7.62254e-09 0.000491107
2.7419e-09 0.000491107
6.34079e-09 0.000491107
-5.70423e-09 0.000491107
-3.67557e-09 0.000491107
7.42182e-09 0.000491107
2.08413e-10 0.000491107
-7.51927e-09 0.000491107
3.30437e-09 0.000491107
5.97408e-09 0.000491107
-6.09557e-09 0.000491107
-3.12683e-09 0.000491107
7.55663e-09 0.000491107
-4.04558e-10 0.000491107
-7.36776e-09 0.000491107
3.84746e-09 0.000491107
5.56995e-09 0.000491107
-6.44963e-09 0.000491107
-2.55736e-09 0.000491107
7.64474e-09 0.000491107
-1.01461e-09 0.000491107
-7.17053e-09 0.000491107
4.36522e-09 0.000491107
5.13111e-09 0.000491107
-6.76276e-09 0.000491107
-1.9714e-09 0.000491107
7.68385e-09 0.000491107
-1.61844e-09 0.000491107
-6.92685e-09 0.000491107
4.85594e-09 0.000491107
4.65803e-09 0.000491107
-7.03244e-09 0.000491107
-1.3728e-09 0.000491107
7.67367e-09 0.000491107
-2.21272e-09 0.000491107
-6.63885e-09 0.000491107
5.3153e-09 0.000491107
4.15517e-09 0.000491107
-7.25657e-09 0.000491107
-7.65258e-10 0.000491107
7.61436e-09 0.000491107
-2.79306e-09 0.000491107
-6.31038e-09 0.000491107
5.74177e-09 0.000491107
3.62736e-09 0.000491107
-7.43636e-09 0.000491107
-1.52532e-10 0.000491107
7.50734e-09 0.000491107
-3.35602e-09 0.000491107
-5.9391e-09 0.000491107
6.13107e-09 0.000491107
3.07474e-09 0.000491107
-7.56795e-09 0.000491107
4.60904e-10 0.000491107
7.35233e-09 0.000491107
-3.89545e-09 0.000491107
-5.53214e-09 0.000491107
6.4801e-09 0.000491107
2.50377e-09 0.000491107
-7.65022e-09 0.000491107
1.07049e-09 0.000491107
7.14974e-09 0.000491107
-4.41096e-09 0.000491107
-5.08865e-09 0.000491107
6.78883e-09 0.000491107
1.91673e-09 0.000491107
-7.68463e-09 0.000491107
1.6744e-09 0.000491107
6.90244e-09 0.000491107
-4.89888e-09 0.000491107
-4.61373e-09 0.000491107
7.05513e-09 0.000491107
1.31773e-09 0.000491107
-7.67093e-09 0.000491107
2.26715e-09 0.000491107
6.6112e-09 0.000491107
-5.356e-09 0.000491107
-4.10909e-09 0.000491107
7.27592e-09 0.000491107
7.0931e-10 0.000491107
-7.60715e-09 0.000491107
2.84505e-09 0.000491107
6.27763e-09 0.000491107
-5.77901e-09 0.000491107
-3.57787e-09 0.000491107
7.45077e-09 0.000491107
9.68861e-11 0.000491107
-7.49553e-09 0.000491107
3.40518e-09 0.000491107
5.90392e-09 0.000491107
-6.16356e-09 0.000491107
-3.02487e-09 0.000491107
7.57695e-09 0.000491107
-5.14991e-10 0.000491107
-7.33575e-09 0.000491107
3.94365e-09 0.000491107
5.49374e-09 0.000491107
-6.50985e-09 0.000491107
-2.45271e-09 0.000491107
7.65535e-09 0.000491107
-1.12439e-09 0.000491107
-7.12986e-09 0.000491107
4.45685e-09 0.000491107
5.04715e-09 0.000491107
-6.81497e-09 0.000491107
-1.86369e-09 0.000491107
7.68574e-09 0.000491107
-1.72727e-09 0.000491107
-6.87819e-09 0.000491107
4.94157e-09 0.000491107
4.5687e-09 0.000491107
-7.07687e-09 0.000491107
-1.26243e-09 0.000491107
7.66689e-09 0.000491107
-2.32007e-09 0.000491107
-6.58295e-09 0.000491107
5.39596e-09 0.000491107
4.0611e-09 0.000491107
-7.29326e-09 0.000491107
-6.53994e-10 0.000491107
7.59857e-09 0.000491107
-2.89588e-09 0.000491107
-6.24525e-09 0.000491107
5.81394e-09 0.000491107
3.52886e-09 0.000491107
-7.4631e-09 0.000491107
-4.21743e-11 0.000491107
7.48313e-09 0.000491107
-3.45444e-09 0.000491107
-5.86899e-09 0.000491107
6.19653e-09 0.000491107
2.97301e-09 0.000491107
-7.58569e-09 0.000491107
5.7095e-10 0.000491107
7.31869e-09 0.000491107
-3.99008e-09 0.000491107
-5.45402e-09 0.000491107
6.53867e-09 0.000491107
2.39849e-09 0.000491107
-7.65963e-09 0.000491107
1.18125e-09 0.000491107
7.10765e-09 0.000491107
-4.50196e-09 0.000491107
-5.00459e-09 0.000491107
6.84027e-09 0.000491107
1.80824e-09 0.000491107
-7.68531e-09 0.000491107
1.7827e-09 0.000491107
6.85239e-09 0.000491107
-4.98366e-09 0.000491107
-4.52445e-09 0.000491107
7.09736e-09 0.000491107
1.20822e-09 0.000491107
-7.66193e-09 0.000491107
2.37209e-09 0.000491107
6.55383e-09 0.000491107
-5.43387e-09 0.000491107
-4.01492e-09 0.000491107
7.31061e-09 0.000491107
5.99353e-10 0.000491107
-7.59081e-09 0.000491107
2.94737e-09 0.000491107
6.21373e-09 0.000491107
-5.85036e-09 0.000491107
-3.48077e-09 0.000491107
7.47691e-09 0.000491107
-1.29674e-11 0.000491107
-7.47086e-09 0.000491107
3.50456e-09 0.000491107
5.83391e-09 0.000491107
-6.22955e-09 0.000491107
-2.92365e-09 0.000491107
7.59612e-09 0.000491107
-6.25654e-10 0.000491107
-7.30384e-09 0.000491107
4.03865e-09 0.000491107
5.41659e-09 0.000491107
-6.56891e-09 0.000491107
-2.34746e-09 0.000491107
7.66602e-09 0.000491107
-1.23433e-09 0.000491107
-7.08837e-09 0.000491107
4.54667e-09 0.000491107
4.9635e-09 0.000491107
-6.86632e-09 0.000491107
-1.75637e-09 0.000491107
7.68705e-09 0.000491107
-1.83564e-09 0.000491107
-6.82924e-09 0.000491107
5.02686e-09 0.000491107
4.48014e-09 0.000491107
-7.11984e-09 0.000491107
-1.1537e-09 0.000491107
7.65918e-09 0.000491107
-2.42477e-09 0.000491107
-6.52605e-09 0.000491107
5.47387e-09 0.000491107
3.96795e-09 0.000491107
-7.32793e-09 0.000491107
-5.44222e-10 0.000491107
7.5823e-09 0.000491107
-2.99819e-09 0.000491107
-6.18117e-09 0.000491107
5.8865e-09 0.000491107
3.43011e-09 0.000491107
-7.48954e-09 0.000491107
6.88196e-11 0.000491107
7.45742e-09 0.000491107
-3.55249e-09 0.000491107
-5.79789e-09 0.000491107
6.26122e-09 0.000491107
2.87238e-09 0.000491107
-7.60284e-09 0.000491107
6.7994e-10 0.000491107
7.28501e-09 0.000491107
-4.08396e-09 0.000491107
-5.37703e-09 0.000491107
6.59632e-09 0.000491107
2.2948e-09 0.000491107
-7.66835e-09 0.000491107
1.28804e-09 0.000491107
7.06653e-09 0.000491107
-4.58967e-09 0.000491107
-4.92251e-09 0.000491107
6.88958e-09 0.000491107
1.70311e-09 0.000491107
-7.68566e-09 0.000491107
1.88754e-09 0.000491107
6.80381e-09 0.000491107
-5.06595e-09 0.000491107
-4.43684e-09 0.000491107
7.13892e-09 0.000491107
1.1008e-09 0.000491107
-7.6538e-09 0.000491107
2.47508e-09 0.000491107
6.49697e-09 0.000491107
-5.51055e-09 0.000491107
-3.92246e-09 0.000491107
7.34303e-09 0.000491107
4.91394e-10 0.000491107
-7.57298e-09 0.000491107
3.04722e-09 0.000491107
6.14965e-09 0.000491107
-5.92035e-09 0.000491107
-3.38401e-09 0.000491107
7.50214e-09 0.000491107
-1.21176e-10 0.000491107
-7.44587e-09 0.000491107
3.59965e-09 0.000491107
5.76311e-09 0.000491107
-6.29226e-09 0.000491107
-2.82333e-09 0.000491107
7.61168e-09 0.000491107
-7.33099e-10 0.000491107
-7.26908e-09 0.000491107
4.12983e-09 0.000491107
5.33874e-09 0.000491107
-6.62333e-09 0.000491107
-2.24444e-09 0.000491107
7.67285e-09 0.000491107
-1.3401e-09 0.000491107
-7.0471e-09 0.000491107
4.63332e-09 0.000491107
4.88181e-09 0.000491107
-6.9137e-09 0.000491107
-1.65248e-09 0.000491107
7.68562e-09 0.000491107
-1.93864e-09 0.000491107
-6.77918e-09 0.000491107
5.10638e-09 0.000491107
4.39319e-09 0.000491107
-7.15986e-09 0.000491107
-1.04887e-09 0.000491107
7.64972e-09 0.000491107
-2.52506e-09 0.000491107
-6.46954e-09 0.000491107
5.54845e-09 0.000491107
3.8768e-09 0.000491107
-7.35971e-09 0.000491107
-4.37897e-10 0.000491107
7.56416e-09 0.000491107
-3.0957e-09 0.000491107
-6.11766e-09 0.000491107
5.95393e-09 0.000491107
3.335e-09 0.000491107
-7.51269e-09 0.000491107
1.75348e-10 0.000491107
7.43109e-09 0.000491107
-3.64776e-09 0.000491107
-5.72704e-09 0.000491107
6.32312e-09 0.000491107
2.7725e-09 0.000491107
-7.61788e-09 0.000491107
7.87548e-10 0.000491107
7.24995e-09 0.000491107
-4.17405e-09 0.000491107
-5.29947e-09 0.000491107
6.65046e-09 0.000491107
2.19151e-09 0.000491107
-7.67429e-09 0.000491107
1.39448e-09 0.000491107
7.02319e-09 0.000491107
-4.67556e-09 0.000491107
-4.83954e-09 0.000491107
6.93708e-09 0.000491107
1.59774e-09 0.000491107
-7.68363e-09 0.000491107
1.99162e-09 0.000491107
6.75301e-09 0.000491107
-5.14619e-09 0.000491107
-4.34918e-09 0.000491107
7.17812e-09 0.000491107
9.94675e-10 0.000491107
-7.6431e-09 0.000491107
2.57581e-09 0.000491107
6.43958e-09 0.000491107
-5.58433e-09 0.000491107
-3.82988e-09 0.000491107
7.37458e-09 0.000491107
3.84492e-10 0.000491107
-7.55416e-09 0.000491107
3.14508e-09 0.000491107
6.08435e-09 0.000491107
-5.98795e-09 0.000491107
-3.28659e-09 0.000491107
7.52356e-09 0.000491107
-2.28233e-10 0.000491107
-7.41636e-09 0.000491107
3.69336e-09 0.000491107
5.69005e-09 0.000491107
-6.35158e-09 0.000491107
-2.72302e-09 0.000491107
7.62405e-09 0.000491107
-8.3871e-10 0.000491107
-7.23193e-09 0.000491107
4.21822e-09 0.000491107
5.26111e-09 0.000491107
-6.67617e-09 0.000491107
-2.14223e-09 0.000491107
7.67697e-09 0.000491107
-1.44551e-09 0.000491107
-7.0016e-09 0.000491107
4.71748e-09 0.000491107
4.79697e-09 0.000491107
-6.95871e-09 0.000491107
-1.54618e-09 0.000491107
7.68102e-09 0.000491107
-2.04312e-09 0.000491107
-6.72637e-09 0.000491107
5.18612e-09 0.000491107
4.30343e-09 0.000491107
-7.1964e-09 0.000491107
-9.41053e-10 0.000491107
7.63598e-09 0.000491107
-2.62676e-09 0.000491107
-6.40881e-09 0.000491107
5.62164e-09 0.000491107
3.78265e-09 0.000491107
-7.38907e-09 0.000491107
-3.29852e-10 0.000491107
7.54293e-09 0.000491107
-3.19353e-09 0.000491107
-6.05023e-09 0.000491107
6.02088e-09 0.000491107
3.2368e-09 0.000491107
-7.53289e-09 0.000491107
2.82672e-10 0.000491107
7.40058e-09 0.000491107
-3.74029e-09 0.000491107
-5.6531e-09 0.000491107
6.38199e-09 0.000491107
2.67077e-09 0.000491107
-7.62964e-09 0.000491107
8.93507e-10 0.000491107
7.21097e-09 0.000491107
-4.2627e-09 0.000491107
-5.21965e-09 0.000491107
6.70161e-09 0.000491107
2.08808e-09 0.000491107
-7.67805e-09 0.000491107
1.49879e-09 0.000491107
6.97734e-09 0.000491107
-4.75885e-09 0.000491107
-4.75444e-09 0.000491107
6.9806e-09 0.000491107
1.4923e-09 0.000491107
-7.67848e-09 0.000491107
2.09475e-09 0.000491107
6.69955e-09 0.000491107
-5.22497e-09 0.000491107
-4.25782e-09 0.000491107
7.21445e-09 0.000491107
8.8713e-10 0.000491107
-7.62821e-09 0.000491107
2.67769e-09 0.000491107
6.37627e-09 0.000491107
-5.657e-09 0.000491107
-3.73257e-09 0.000491107
7.40236e-09 0.000491107
2.74177e-10 0.000491107
-7.53066e-09 0.000491107
3.24487e-09 0.000491107
6.014e-09 0.000491107
-6.05454e-09 0.000491107
-3.18584e-09 0.000491107
7.54341e-09 0.000491107
-3.38538e-10 0.000491107
-7.38506e-09 0.000491107
3.78942e-09 0.000491107
5.61378e-09 0.000491107
-6.41239e-09 0.000491107
-2.61769e-09 0.000491107
7.63512e-09 0.000491107
-9.4909e-10 0.000491107
-7.19161e-09 0.000491107
4.3096e-09 0.000491107
5.17737e-09 0.000491107
-6.72919e-09 0.000491107
-2.03395e-09 0.000491107
7.67992e-09 0.000491107
-1.55447e-09 0.000491107
-6.95336e-09 0.000491107
4.80336e-09 0.000491107
4.70877e-09 0.000491107
-7.00307e-09 0.000491107
-1.43667e-09 0.000491107
7.67453e-09 0.000491107
-2.14923e-09 0.000491107
-6.67022e-09 0.000491107
5.26567e-09 0.000491107
4.20932e-09 0.000491107
-7.23207e-09 0.000491107
-8.30291e-10 0.000491107
7.62026e-09 0.000491107
-2.72987e-09 0.000491107
-6.3443e-09 0.000491107
5.69468e-09 0.000491107
3.68307e-09 0.000491107
-7.41536e-09 0.000491107
-2.18204e-10 0.000491107
7.51729e-09 0.000491107
-3.29377e-09 0.000491107
-5.97804e-09 0.000491107
6.08796e-09 0.000491107
3.13355e-09 0.000491107
-7.55259e-09 0.000491107
3.95318e-10 0.000491107
7.36775e-09 0.000491107
-3.83821e-09 0.000491107
-5.5743e-09 0.000491107
6.44351e-09 0.000491107
2.56395e-09 0.000491107
-7.64125e-09 0.000491107
1.00585e-09 0.000491107
7.17127e-09 0.000491107
-4.35693e-09 0.000491107
-5.13627e-09 0.000491107
6.75729e-09 0.000491107
1.97926e-09 0.000491107
-7.68178e-09 0.000491107
1.61042e-09 0.000491107
6.92953e-09 0.000491107
-4.84769e-09 0.000491107
-4.66408e-09 0.000491107
7.02731e-09 0.000491107
1.38058e-09 0.000491107
-7.67205e-09 0.000491107
2.20413e-09 0.000491107
6.6421e-09 0.000491107
-5.30653e-09 0.000491107
-4.1632e-09 0.000491107
7.25163e-09 0.000491107
7.75167e-10 0.000491107
-7.61392e-09 0.000491107
2.78349e-09 0.000491107
6.31339e-09 0.000491107
-5.7328e-09 0.000491107
-3.6347e-09 0.000491107
7.43136e-09 0.000491107
1.62583e-10 0.000491107
-7.50686e-09 0.000491107
3.3448e-09 0.000491107
5.94359e-09 0.000491107
-6.12203e-09 0.000491107
-3.08339e-09 0.000491107
7.56349e-09 0.000491107
-4.50619e-10 0.000491107
-7.35298e-09 0.000491107
3.88621e-09 0.000491107
5.53673e-09 0.000491107
-6.47327e-09 0.000491107
-2.51281e-09 0.000491107
7.64736e-09 0.000491107
-1.06047e-09 0.000491107
-7.15184e-09 0.000491107
4.40227e-09 0.000491107
5.0942e-09 0.000491107
-6.78296e-09 0.000491107
-1.92538e-09 0.000491107
7.68351e-09 0.000491107
-1.66468e-09 0.000491107
-6.90577e-09 0.000491107
4.89104e-09 0.000491107
4.62009e-09 0.000491107
-7.04945e-09 0.000491107
-1.32706e-09 0.000491107
7.66905e-09 0.000491107
-2.25626e-09 0.000491107
-6.6145e-09 0.000491107
5.34764e-09 0.000491107
4.11617e-09 0.000491107
-7.27084e-09 0.000491107
-7.19101e-10 0.000491107
7.60675e-09 0.000491107
-2.83489e-09 0.000491107
-6.28177e-09 0.000491107
5.77069e-09 0.000491107
3.58481e-09 0.000491107
-7.44584e-09 0.000491107
-1.05683e-10 0.000491107
7.49518e-09 0.000491107
-3.39618e-09 0.000491107
-5.90838e-09 0.000491107
6.15717e-09 0.000491107
3.03044e-09 0.000491107
-7.57362e-09 0.000491107
5.07654e-10 0.000491107
7.33651e-09 0.000491107
-3.93573e-09 0.000491107
-5.49694e-09 0.000491107
6.50425e-09 0.000491107
2.45787e-09 0.000491107
-7.65261e-09 0.000491107
1.11731e-09 0.000491107
7.13033e-09 0.000491107
-4.44885e-09 0.000491107
-5.05137e-09 0.000491107
6.80945e-09 0.000491107
1.86959e-09 0.000491107
-7.6836e-09 0.000491107
1.72071e-09 0.000491107
6.87954e-09 0.000491107
-4.93451e-09 0.000491107
-4.5737e-09 0.000491107
7.07117e-09 0.000491107
1.26954e-09 0.000491107
-7.66439e-09 0.000491107
2.31199e-09 0.000491107
6.58374e-09 0.000491107
-5.38813e-09 0.000491107
-4.06596e-09 0.000491107
7.28835e-09 0.000491107
6.60268e-10 0.000491107
-7.59707e-09 0.000491107
2.89002e-09 0.000491107
6.24641e-09 0.000491107
-5.80859e-09 0.000491107
-3.53264e-09 0.000491107
7.45949e-09 0.000491107
4.69917e-11 0.000491107
-7.48131e-09 0.000491107
3.44856e-09 0.000491107
5.86915e-09 0.000491107
-6.19081e-09 0.000491107
-2.97651e-09 0.000491107
7.58185e-09 0.000491107
-5.65578e-10 0.000491107
-7.31719e-09 0.000491107
3.98508e-09 0.000491107
5.45503e-09 0.000491107
-6.53397e-09 0.000491107
-2.40273e-09 0.000491107
7.6566e-09 0.000491107
-1.1754e-09 0.000491107
-7.10721e-09 0.000491107
4.49538e-09 0.000491107
5.0068e-09 0.000491107
-6.83506e-09 0.000491107
-1.81366e-09 0.000491107
7.68279e-09 0.000491107
-1.77615e-09 0.000491107
-6.85226e-09 0.000491107
4.9779e-09 0.000491107
4.52564e-09 0.000491107
-7.09243e-09 0.000491107
-1.21197e-09 0.000491107
7.65894e-09 0.000491107
-2.36725e-09 0.000491107
-6.55326e-09 0.000491107
5.43006e-09 0.000491107
4.01521e-09 0.000491107
-7.30606e-09 0.000491107
-6.00625e-10 0.000491107
7.58621e-09 0.000491107
-2.94414e-09 0.000491107
-6.2097e-09 0.000491107
5.84609e-09 0.000491107
3.47694e-09 0.000491107
-7.47075e-09 0.000491107
1.3241e-11 0.000491107
7.46477e-09 0.000491107
-3.5018e-09 0.000491107
-5.8281e-09 0.000491107
6.22503e-09 0.000491107
2.91982e-09 0.000491107
-7.59021e-09 0.000491107
6.26766e-10 0.000491107
7.2964e-09 0.000491107
-4.0361e-09 0.000491107
-5.41074e-09 0.000491107
6.56505e-09 0.000491107
2.34192e-09 0.000491107
-7.65931e-09 0.000491107
1.23721e-09 0.000491107
7.08114e-09 0.000491107
-4.54551e-09 0.000491107
-4.95643e-09 0.000491107
6.86226e-09 0.000491107
1.74932e-09 0.000491107
-7.67935e-09 0.000491107
1.83926e-09 0.000491107
6.82122e-09 0.000491107
-5.02631e-09 0.000491107
-4.47246e-09 0.000491107
7.11545e-09 0.000491107
1.14663e-09 0.000491107
-7.65224e-09 0.000491107
2.42979e-09 0.000491107
6.51649e-09 0.000491107
-5.47417e-09 0.000491107
-3.95849e-09 0.000491107
7.32392e-09 0.000491107
5.35049e-10 0.000491107
-7.57437e-09 0.000491107
3.00419e-09 0.000491107
6.1704e-09 0.000491107
-5.88771e-09 0.000491107
-3.41954e-09 0.000491107
7.48583e-09 0.000491107
-7.89058e-11 0.000491107
-7.4493e-09 0.000491107
3.55938e-09 0.000491107
5.78578e-09 0.000491107
-6.26279e-09 0.000491107
-2.85999e-09 0.000491107
7.59889e-09 0.000491107
-6.90829e-10 0.000491107
-7.27651e-09 0.000491107
4.09089e-09 0.000491107
5.36466e-09 0.000491107
-6.59759e-09 0.000491107
-2.28213e-09 0.000491107
7.66396e-09 0.000491107
-1.29919e-09 0.000491107
-7.05646e-09 0.000491107
4.59652e-09 0.000491107
4.90763e-09 0.000491107
-6.89e-09 0.000491107
-1.68882e-09 0.000491107
7.67899e-09 0.000491107
-1.8995e-09 0.000491107
-6.79139e-09 0.000491107
5.07314e-09 0.000491107
4.42086e-09 0.000491107
-7.13868e-09 0.000491107
-1.08474e-09 0.000491107
7.64604e-09 0.000491107
-2.48755e-09 0.000491107
-6.48373e-09 0.000491107
5.5173e-09 0.000491107
3.90517e-09 0.000491107
-7.34169e-09 0.000491107
-4.74493e-10 0.000491107
7.56324e-09 0.000491107
-3.05903e-09 0.000491107
-6.13352e-09 0.000491107
5.92566e-09 0.000491107
3.36464e-09 0.000491107
-7.49749e-09 0.000491107
1.39249e-10 0.000491107
7.43243e-09 0.000491107
-3.61207e-09 0.000491107
-5.74496e-09 0.000491107
6.29624e-09 0.000491107
2.80198e-09 0.000491107
-7.60541e-09 0.000491107
7.5168e-10 0.000491107
7.25473e-09 0.000491107
-4.14171e-09 0.000491107
-5.31944e-09 0.000491107
6.62751e-09 0.000491107
2.22219e-09 0.000491107
-7.66601e-09 0.000491107
1.35978e-09 0.000491107
7.03044e-09 0.000491107
-4.64475e-09 0.000491107
-4.85995e-09 0.000491107
6.91604e-09 0.000491107
1.62784e-09 0.000491107
-7.67651e-09 0.000491107
1.95908e-09 0.000491107
6.76086e-09 0.000491107
-5.11773e-09 0.000491107
-4.36981e-09 0.000491107
7.1597e-09 0.000491107
1.02445e-09 0.000491107
-7.63889e-09 0.000491107
2.54535e-09 0.000491107
6.44926e-09 0.000491107
-5.55829e-09 0.000491107
-3.85254e-09 0.000491107
7.35868e-09 0.000491107
4.14271e-10 0.000491107
-7.55188e-09 0.000491107
3.11515e-09 0.000491107
6.09594e-09 0.000491107
-5.96352e-09 0.000491107
-3.31001e-09 0.000491107
7.51054e-09 0.000491107
-1.99638e-10 0.000491107
-7.41746e-09 0.000491107
3.66564e-09 0.000491107
5.70425e-09 0.000491107
-6.33078e-09 0.000491107
-2.74629e-09 0.000491107
7.61442e-09 0.000491107
-8.11664e-10 0.000491107
-7.23473e-09 0.000491107
4.1927e-09 0.000491107
5.27469e-09 0.000491107
-6.65809e-09 0.000491107
-2.16398e-09 0.000491107
7.66929e-09 0.000491107
-1.42017e-09 0.000491107
-7.00503e-09 0.000491107
4.6934e-09 0.000491107
4.81135e-09 0.000491107
-6.94167e-09 0.000491107
-1.56784e-09 0.000491107
7.67466e-09 0.000491107
-2.01862e-09 0.000491107
-6.73084e-09 0.000491107
5.16449e-09 0.000491107
4.31779e-09 0.000491107
-7.18213e-09 0.000491107
-9.6075e-10 0.000491107
7.63092e-09 0.000491107
-2.60488e-09 0.000491107
-6.4137e-09 0.000491107
5.60204e-09 0.000491107
3.79552e-09 0.000491107
-7.37555e-09 0.000491107
-3.48859e-10 0.000491107
7.53895e-09 0.000491107
