-3.07801e-09 9.82234e-05
7.56561e-10 9.82234e-05
2.72333e-09 9.82234e-05
-2.0371e-09 9.82234e-05
-1.76556e-09 9.82234e-05
2.86883e-09 9.82234e-05
4.1679e-10 9.82234e-05
-3.06695e-09 9.82234e-05
1.02669e-09 9.82234e-05
2.5832e-09 9.82234e-05
-2.24101e-09 9.82234e-05
-1.52844e-09 9.82234e-05
2.9587e-09 9.82234e-05
1.37589e-10 9.82234e-05
-3.02133e-09 9.82234e-05
1.28388e-09 9.82234e-05
2.41707e-09 9.82234e-05
-2.42059e-09 9.82234e-05
-1.27919e-09 9.82234e-05
3.02327e-09 9.82234e-05
-1.41867e-10 9.82234e-05
-2.95718e-09 9.82234e-05
1.53241e-09 9.82234e-05
2.23645e-09 9.82234e-05
-2.58501e-09 9.82234e-05
-1.02111e-09 9.82234e-05
3.06568e-09 9.82234e-05
-4.21274e-10 9.82234e-05
-2.86654e-09 9.82234e-05
1.7677e-09 9.82234e-05
2.03396e-09 9.82234e-05
-2.72279e-09 9.82234e-05
-7.5373e-10 9.82234e-05
3.07875e-09 9.82234e-05
-6.93415e-10 9.82234e-05
-2.75281e-09 9.82234e-05
1.98866e-09 9.82234e-05
1.81824e-09 9.82234e-05
-2.84428e-09 9.82234e-05
-4.79748e-10 9.82234e-05
3.07029e-09 9.82234e-05
-9.65116e-10 9.82234e-05
-2.61617e-09 9.82234e-05
2.19397e-09 9.82234e-05
1.58427e-09 9.82234e-05
-2.93772e-09 9.82234e-05
-2.03073e-10 9.82234e-05
3.03191e-09 9.82234e-05
-1.22219e-09 9.82234e-05
-2.45623e-09 9.82234e-05
2.37654e-09 9.82234e-05
1.33866e-09 9.82234e-05
-3.00478e-09 9.82234e-05
7.38076e-11 9.82234e-05
2.96911e-09 9.82234e-05
-1.46794e-09 9.82234e-05
-2.27839e-09 9.82234e-05
2.53748e-09 9.82234e-05
1.08469e-09 9.82234e-05
-3.046e-09 9.82234e-05
3.46319e-10 9.82234e-05
2.88197e-09 9.82234e-05
-1.69869e-09 9.82234e-05
-2.08308e-09 9.82234e-05
2.676e-09 9.82234e-05
8.2845e-10 9.82234e-05
-3.06321e-09 9.82234e-05
6.08932e-10 9.82234e-05
2.77719e-09 9.82234e-05
-1.91169e-09 9.82234e-05
-1.88031e-09 9.82234e-05
2.79289e-09 9.82234e-05
5.70271e-10 9.82234e-05
-3.05958e-09 9.82234e-05
8.6494e-10 9.82234e-05
2.65372e-09 9.82234e-05
-2.10933e-09 9.82234e-05
-1.66507e-09 9.82234e-05
2.89124e-09 9.82234e-05
3.07118e-10 9.82234e-05
-3.03595e-09 9.82234e-05
1.11963e-09 9.82234e-05
2.51101e-09 9.82234e-05
-2.29874e-09 9.82234e-05
-1.43313e-09 9.82234e-05
2.97144e-09 9.82234e-05
3.8554e-11 9.82234e-05
-2.9888e-09 9.82234e-05
1.36371e-09 9.82234e-05
2.34821e-09 9.82234e-05
-2.46419e-09 9.82234e-05
-1.1913e-09 9.82234e-05
3.02473e-09 9.82234e-05
-2.29026e-10 9.82234e-05
-2.91748e-09 9.82234e-05
1.59964e-09 9.82234e-05
2.16578e-09 9.82234e-05
-2.61775e-09 9.82234e-05
-9.37689e-10 9.82234e-05
3.05908e-09 9.82234e-05
-4.98218e-10 9.82234e-05
-2.82505e-09 9.82234e-05
1.82295e-09 9.82234e-05
1.96936e-09 9.82234e-05
-2.74592e-09 9.82234e-05
-6.81084e-10 9.82234e-05
3.06439e-09 9.82234e-05
-7.56689e-10 9.82234e-05
-2.70812e-09 9.82234e-05
2.02576e-09 9.82234e-05
1.7567e-09 9.82234e-05
-2.84939e-09 9.82234e-05
-4.19828e-10 9.82234e-05
3.04652e-09 9.82234e-05
-1.01155e-09 9.82234e-05
-2.57177e-09 9.82234e-05
2.21959e-09 9.82234e-05
1.52995e-09 9.82234e-05
-2.93792e-09 9.82234e-05
-1.51569e-10 9.82234e-05
3.00918e-09 9.82234e-05
-1.26084e-09 9.82234e-05
-2.41875e-09 9.82234e-05
2.39618e-09 9.82234e-05
1.2947e-09 9.82234e-05
-3.00339e-09 9.82234e-05
1.13435e-10 9.82234e-05
2.94942e-09 9.82234e-05
-1.4954e-09 9.82234e-05
-2.24809e-09 9.82234e-05
2.54813e-09 9.82234e-05
1.05251e-09 9.82234e-05
-3.04031e-09 9.82234e-05
3.74058e-10 9.82234e-05
2.86428e-09 9.82234e-05
-1.71693e-09 9.82234e-05
-2.05889e-09 9.82234e-05
2.68227e-09 9.82234e-05
8.00668e-10 9.82234e-05
-3.05906e-09 9.82234e-05
6.36756e-10 9.82234e-05
2.76065e-09 9.82234e-05
-1.9337e-09 9.82234e-05
-1.85445e-09 9.82234e-05
2.80432e-09 9.82234e-05
5.39906e-10 9.82234e-05
-3.05731e-09 9.82234e-05
8.95071e-10 9.82234e-05
2.63598e-09 9.82234e-05
-2.13015e-09 9.82234e-05
-1.63537e-09 9.82234e-05
2.89722e-09 9.82234e-05
2.75655e-10 9.82234e-05
-3.02756e-09 9.82234e-05
1.14616e-09 9.82234e-05
2.48943e-09 9.82234e-05
-2.31528e-09 9.82234e-05
-1.40403e-09 9.82234e-05
2.97412e-09 9.82234e-05
9.79128e-12 9.82234e-05
-2.97861e-09 9.82234e-05
1.38575e-09 9.82234e-05
2.32882e-09 9.82234e-05
-2.47645e-09 9.82234e-05
-1.16602e-09 9.82234e-05
3.02203e-09 9.82234e-05
-2.5042e-10 9.82234e-05
-2.90443e-09 9.82234e-05
1.6111e-09 9.82234e-05
2.14873e-09 9.82234e-05
-2.62019e-09 9.82234e-05
-9.18504e-10 9.82234e-05
3.0516e-09 9.82234e-05
-5.15556e-10 9.82234e-05
-2.81157e-09 9.82234e-05
1.83383e-09 9.82234e-05
1.95291e-09 9.82234e-05
-2.74913e-09 9.82234e-05
-6.64457e-10 9.82234e-05
3.0599e-09 9.82234e-05
-7.70985e-10 9.82234e-05
-2.69649e-09 9.82234e-05
2.03374e-09 9.82234e-05
1.74185e-09 9.82234e-05
-2.85266e-09 9.82234e-05
-4.02952e-10 9.82234e-05
3.04338e-09 9.82234e-05
-1.02645e-09 9.82234e-05
-2.56276e-09 9.82234e-05
2.22814e-09 9.82234e-05
1.51807e-09 9.82234e-05
-2.94031e-09 9.82234e-05
-1.38879e-10 9.82234e-05
3.00335e-09 9.82234e-05
-1.27014e-09 9.82234e-05
-2.40825e-09 9.82234e-05
2.40063e-09 9.82234e-05
1.28008e-09 9.82234e-05
-3.00254e-09 9.82234e-05
1.29077e-10 9.82234e-05
2.94361e-09 9.82234e-05
-1.50904e-09 9.82234e-05
-2.23549e-09 9.82234e-05
2.55732e-09 9.82234e-05
1.03642e-09 9.82234e-05
-3.04289e-09 9.82234e-05
3.90212e-10 9.82234e-05
2.85905e-09 9.82234e-05
-1.72959e-09 9.82234e-05
-2.04775e-09 9.82234e-05
2.68817e-09 9.82234e-05
7.88756e-10 9.82234e-05
-3.05647e-09 9.82234e-05
6.44011e-10 9.82234e-05
2.75419e-09 9.82234e-05
-1.93482e-09 9.82234e-05
-1.84572e-09 9.82234e-05
2.80202e-09 9.82234e-05
5.29987e-10 9.82234e-05
-3.05109e-09 9.82234e-05
9.02872e-10 9.82234e-05
2.62767e-09 9.82234e-05
-2.13628e-09 9.82234e-05
-1.62619e-09 9.82234e-05
2.89987e-09 9.82234e-05
2.67285e-10 9.82234e-05
-3.02558e-09 9.82234e-05
1.15104e-09 9.82234e-05
2.48576e-09 9.82234e-05
-2.31622e-09 9.82234e-05
-1.3997e-09 9.82234e-05
2.97155e-09 9.82234e-05
8.47322e-12 9.82234e-05
-2.97463e-09 9.82234e-05
1.38336e-09 9.82234e-05
2.32508e-09 9.82234e-05
-2.47189e-09 9.82234e-05
-1.16641e-09 9.82234e-05
3.01813e-09 9.82234e-05
-2.48203e-10 9.82234e-05
-2.90227e-09 9.82234e-05
1.61121e-09 9.82234e-05
2.14486e-09 9.82234e-05
-2.61945e-09 9.82234e-05
-9.16117e-10 9.82234e-05
3.05078e-09 9.82234e-05
-5.14568e-10 9.82234e-05
-2.80981e-09 9.82234e-05
1.83168e-09 9.82234e-05
1.95103e-09 9.82234e-05
-2.74695e-09 9.82234e-05
-6.63785e-10 9.82234e-05
3.0577e-09 9.82234e-05
-7.69095e-10 9.82234e-05
-2.6972e-09 9.82234e-05
2.03379e-09 9.82234e-05
1.74278e-09 9.82234e-05
-2.85247e-09 9.82234e-05
-4.03141e-10 9.82234e-05
3.04192e-09 9.82234e-05
-1.026e-09 9.82234e-05
-2.56069e-09 9.82234e-05
2.22852e-09 9.82234e-05
1.5148e-09 9.82234e-05
-2.9396e-09 9.82234e-05
-1.35945e-10 9.82234e-05
3.00353e-09 9.82234e-05
-1.27319e-09 9.82234e-05
-2.40654e-09 9.82234e-05
2.40144e-09 9.82234e-05
1.27984e-09 9.82234e-05
-3.0014e-09 9.82234e-05
1.27478e-10 9.82234e-05
2.94155e-09 9.82234e-05
-1.50724e-09 9.82234e-05
-2.235e-09 9.82234e-05
2.55685e-09 9.82234e-05
1.03534e-09 9.82234e-05
-3.04307e-09 9.82234e-05
3.92486e-10 9.82234e-05
2.85924e-09 9.82234e-05
-1.73435e-09 9.82234e-05
-2.04474e-09 9.82234e-05
2.69542e-09 9.82234e-05
7.79959e-10 9.82234e-05
-3.06252e-09 9.82234e-05
6.59014e-10 9.82234e-05
2.75395e-09 9.82234e-05
-1.95215e-09 9.82234e-05
-1.83701e-09 9.82234e-05
2.81478e-09 9.82234e-05
5.15158e-10 9.82234e-05
-3.05735e-09 9.82234e-05
9.20277e-10 9.82234e-05
2.62568e-09 9.82234e-05
-2.15319e-09 9.82234e-05
-1.61539e-09 9.82234e-05
2.91134e-09 9.82234e-05
2.48818e-10 9.82234e-05
-3.02849e-09 9.82234e-05
1.17255e-09 9.82234e-05
2.47819e-09 9.82234e-05
-2.33819e-09 9.82234e-05
-1.37976e-09 9.82234e-05
2.98702e-09 9.82234e-05
-2.19629e-11 9.82234e-05
-2.97724e-09 9.82234e-05
1.41889e-09 9.82234e-05
2.31166e-09 9.82234e-05
-2.50423e-09 9.82234e-05
-1.13528e-09 9.82234e-05
3.03626e-09 9.82234e-05
-2.88953e-10 9.82234e-05
-2.89914e-09 9.82234e-05
1.64902e-09 9.82234e-05
2.12474e-09 9.82234e-05
-2.6463e-09 9.82234e-05
-8.83112e-10 9.82234e-05
3.06173e-09 9.82234e-05
-5.55296e-10 9.82234e-05
-2.80188e-09 9.82234e-05
1.87143e-09 9.82234e-05
1.92286e-09 9.82234e-05
-2.77484e-09 9.82234e-05
-6.18982e-10 9.82234e-05
3.0664e-09 9.82234e-05
-8.22251e-10 9.82234e-05
-2.68056e-09 9.82234e-05
2.08087e-09 9.82234e-05
1.70263e-09 9.82234e-05
-2.88144e-09 9.82234e-05
-3.48127e-10 9.82234e-05
3.04555e-09 9.82234e-05
-1.08301e-09 9.82234e-05
-2.53753e-09 9.82234e-05
2.2755e-09 9.82234e-05
1.468e-09 9.82234e-05
-2.9651e-09 9.82234e-05
-7.49054e-11 9.82234e-05
3.0001e-09 9.82234e-05
-1.33518e-09 9.82234e-05
-2.37351e-09 9.82234e-05
2.45097e-09 9.82234e-05
1.2219e-09 9.82234e-05
-3.02597e-09 9.82234e-05
1.99663e-10 9.82234e-05
2.93242e-09 9.82234e-05
-1.57758e-09 9.82234e-05
-2.19083e-09 9.82234e-05
2.60804e-09 9.82234e-05
9.65453e-10 9.82234e-05
-3.06148e-09 9.82234e-05
4.74085e-10 9.82234e-05
2.83918e-09 9.82234e-05
-1.80867e-09 9.82234e-05
-1.9893e-09 9.82234e-05
2.74361e-09 9.82234e-05
6.99753e-10 9.82234e-05
-3.0732e-09 9.82234e-05
7.45015e-10 9.82234e-05
2.72358e-09 9.82234e-05
-2.02491e-09 9.82234e-05
-1.77188e-09 9.82234e-05
2.85826e-09 9.82234e-05
4.28479e-10 9.82234e-05
-3.05954e-09 9.82234e-05
1.00907e-09 9.82234e-05
2.5856e-09 9.82234e-05
-2.22406e-09 9.82234e-05
-1.54046e-09 9.82234e-05
2.94811e-09 9.82234e-05
1.5466e-10 9.82234e-05
-3.02167e-09 9.82234e-05
1.26613e-09 9.82234e-05
2.42675e-09 9.82234e-05
-2.40764e-09 9.82234e-05
-1.29547e-09 9.82234e-05
3.01598e-09 9.82234e-05
-1.22174e-10 9.82234e-05
-2.95927e-09 9.82234e-05
1.51251e-09 9.82234e-05
2.24845e-09 9.82234e-05
-2.5697e-09 9.82234e-05
-1.03994e-09 9.82234e-05
3.0586e-09 9.82234e-05
-3.97865e-10 9.82234e-05
-2.87235e-09 9.82234e-05
1.748e-09 9.82234e-05
2.05028e-09 9.82234e-05
-2.71172e-09 9.82234e-05
-7.75355e-10 9.82234e-05
3.07681e-09 9.82234e-05
-6.71577e-10 9.82234e-05
-2.76146e-09 9.82234e-05
1.96924e-09 9.82234e-05
1.83584e-09 9.82234e-05
-2.8321e-09 9.82234e-05
-5.0489e-10 9.82234e-05
3.06963e-09 9.82234e-05
-9.39135e-10 9.82234e-05
-2.62864e-09 9.82234e-05
2.17429e-09 9.82234e-05
1.60638e-09 9.82234e-05
-2.92965e-09 9.82234e-05
-2.29946e-10 9.82234e-05
3.03779e-09 9.82234e-05
-1.19824e-09 9.82234e-05
-2.47435e-09 9.82234e-05
2.36133e-09 9.82234e-05
1.36438e-09 9.82234e-05
-3.00362e-09 9.82234e-05
4.77449e-11 9.82234e-05
2.98207e-09 9.82234e-05
-1.45035e-09 9.82234e-05
-2.30051e-09 9.82234e-05
2.5339e-09 9.82234e-05
1.10921e-09 9.82234e-05
-3.0557e-09 9.82234e-05
3.29123e-10 9.82234e-05
2.89986e-09 9.82234e-05
-1.69166e-09 9.82234e-05
-2.10345e-09 9.82234e-05
2.67967e-09 9.82234e-05
8.43496e-10 9.82234e-05
-3.07506e-09 9.82234e-05
6.03002e-10 9.82234e-05
2.79233e-09 9.82234e-05
-1.9154e-09 9.82234e-05
-1.89305e-09 9.82234e-05
2.80669e-09 9.82234e-05
5.72857e-10 9.82234e-05
-3.07663e-09 9.82234e-05
8.75346e-10 9.82234e-05
2.66642e-09 9.82234e-05
-2.12998e-09 9.82234e-05
-1.66456e-09 9.82234e-05
2.91213e-09 9.82234e-05
2.95838e-10 9.82234e-05
-3.04835e-09 9.82234e-05
1.1371e-09 9.82234e-05
2.51202e-09 9.82234e-05
-2.3182e-09 9.82234e-05
-1.42186e-09 9.82234e-05
2.98702e-09 9.82234e-05
1.8634e-11 9.82234e-05
-2.99645e-09 9.82234e-05
1.39071e-09 9.82234e-05
2.34278e-09 9.82234e-05
-2.49334e-09 9.82234e-05
-1.1709e-09 9.82234e-05
3.04512e-09 9.82234e-05
-2.61249e-10 9.82234e-05
-2.92202e-09 9.82234e-05
1.63304e-09 9.82234e-05
2.15249e-09 9.82234e-05
-2.64319e-09 9.82234e-05
-9.10383e-10 9.82234e-05
3.07161e-09 9.82234e-05
-5.34925e-10 9.82234e-05
-2.8211e-09 9.82234e-05
1.86168e-09 9.82234e-05
1.94668e-09 9.82234e-05
-2.77788e-09 9.82234e-05
-6.41133e-10 9.82234e-05
3.07964e-09 9.82234e-05
-8.06413e-10 9.82234e-05
-2.70034e-09 9.82234e-05
2.0732e-09 9.82234e-05
1.725e-09 9.82234e-05
-2.88255e-09 9.82234e-05
-3.70122e-10 9.82234e-05
3.05743e-09 9.82234e-05
-1.06963e-09 9.82234e-05
-2.55621e-09 9.82234e-05
2.27349e-09 9.82234e-05
1.48863e-09 9.82234e-05
-2.97371e-09 9.82234e-05
-9.09921e-11 9.82234e-05
3.01461e-09 9.82234e-05
-1.32603e-09 9.82234e-05
-2.39014e-09 9.82234e-05
2.44822e-09 9.82234e-05
1.23867e-09 9.82234e-05
-3.02976e-09 9.82234e-05
1.86049e-10 9.82234e-05
2.94384e-09 9.82234e-05
-1.5695e-09 9.82234e-05
-2.20671e-09 9.82234e-05
2.60861e-09 9.82234e-05
9.80283e-10 9.82234e-05
-3.07061e-09 9.82234e-05
4.65285e-10 9.82234e-05
2.85235e-09 9.82234e-05
-1.8078e-09 9.82234e-05
-2.0018e-09 9.82234e-05
2.74819e-09 9.82234e-05
7.09775e-10 9.82234e-05
-3.07969e-09 9.82234e-05
7.39767e-10 9.82234e-05
2.73065e-09 9.82234e-05
-2.02343e-09 9.82234e-05
-1.77961e-09 9.82234e-05
2.86015e-09 9.82234e-05
4.35868e-10 9.82234e-05
-3.06549e-09 9.82234e-05
1.00707e-09 9.82234e-05
2.59256e-09 9.82234e-05
-2.22705e-09 9.82234e-05
-1.54602e-09 9.82234e-05
2.95519e-09 9.82234e-05
1.56966e-10 9.82234e-05
-3.02929e-09 9.82234e-05
1.26687e-09 9.82234e-05
2.43215e-09 9.82234e-05
-2.40897e-09 9.82234e-05
-1.29865e-09 9.82234e-05
3.01727e-09 9.82234e-05
-1.19417e-10 9.82234e-05
-2.96144e-09 9.82234e-05
1.51078e-09 9.82234e-05
2.2518e-09 9.82234e-05
-2.57089e-09 9.82234e-05
-1.04244e-09 9.82234e-05
3.06345e-09 9.82234e-05
-3.97915e-10 9.82234e-05
-2.87747e-09 9.82234e-05
1.7517e-09 9.82234e-05
2.05286e-09 9.82234e-05
-2.71578e-09 9.82234e-05
-7.76417e-10 9.82234e-05
3.07825e-09 9.82234e-05
-6.71083e-10 9.82234e-05
-2.76329e-09 9.82234e-05
1.97051e-09 9.82234e-05
1.83782e-09 9.82234e-05
-2.83526e-09 9.82234e-05
-5.04091e-10 9.82234e-05
3.0728e-09 9.82234e-05
-9.42652e-10 9.82234e-05
-2.62978e-09 9.82234e-05
2.17929e-09 9.82234e-05
1.60339e-09 9.82234e-05
-2.9333e-09 9.82234e-05
-2.24205e-10 9.82234e-05
3.03739e-09 9.82234e-05
-1.20348e-09 9.82234e-05
-2.47012e-09 9.82234e-05
2.36423e-09 9.82234e-05
1.35915e-09 9.82234e-05
-3.00225e-09 9.82234e-05
5.16529e-11 9.82234e-05
2.97759e-09 9.82234e-05
-1.45063e-09 9.82234e-05
-2.29517e-09 9.82234e-05
2.52777e-09 9.82234e-05
1.10699e-09 9.82234e-05
-3.04667e-09 9.82234e-05
3.24658e-10 9.82234e-05
2.8954e-09 9.82234e-05
-1.68621e-09 9.82234e-05
-2.10294e-09 9.82234e-05
2.67602e-09 9.82234e-05
8.4567e-10 9.82234e-05
-3.07443e-09 9.82234e-05
6.00515e-10 9.82234e-05
2.79136e-09 9.82234e-05
-1.91109e-09 9.82234e-05
-1.89233e-09 9.82234e-05
2.79881e-09 9.82234e-05
5.76602e-10 9.82234e-05
-3.06822e-09 9.82234e-05
8.64627e-10 9.82234e-05
2.66024e-09 9.82234e-05
-2.11355e-09 9.82234e-05
-1.66698e-09 9.82234e-05
2.89506e-09 9.82234e-05
3.06738e-10 9.82234e-05
-3.03727e-09 9.82234e-05
1.11856e-09 9.82234e-05
2.51194e-09 9.82234e-05
-2.29625e-09 9.82234e-05
-1.43425e-09 9.82234e-05
2.96807e-09 9.82234e-05
4.18829e-11 9.82234e-05
-2.98624e-09 9.82234e-05
1.3572e-09 9.82234e-05
2.34883e-09 9.82234e-05
-2.45927e-09 9.82234e-05
-1.19364e-09 9.82234e-05
3.02099e-09 9.82234e-05
-2.24748e-10 9.82234e-05
-2.916e-09 9.82234e-05
1.59369e-09 9.82234e-05
2.16746e-09 9.82234e-05
-2.61233e-09 9.82234e-05
-9.41139e-10 9.82234e-05
3.05468e-09 9.82234e-05
-4.93969e-10 9.82234e-05
-2.82311e-09 9.82234e-05
1.82029e-09 9.82234e-05
1.96826e-09 9.82234e-05
-2.74491e-09 9.82234e-05
-6.79481e-10 9.82234e-05
3.0642e-09 9.82234e-05
-7.5978e-10 9.82234e-05
-2.7074e-09 9.82234e-05
2.03138e-09 9.82234e-05
1.75355e-09 9.82234e-05
-2.85528e-09 9.82234e-05
-4.13714e-10 9.82234e-05
3.0498e-09 9.82234e-05
-1.02004e-09 9.82234e-05
-2.57167e-09 9.82234e-05
2.2279e-09 9.82234e-05
1.52525e-09 9.82234e-05
-2.94422e-09 9.82234e-05
-1.43253e-10 9.82234e-05
3.01177e-09 9.82234e-05
-1.27131e-09 9.82234e-05
-2.41502e-09 9.82234e-05
2.40627e-09 9.82234e-05
1.28511e-09 9.82234e-05
-3.01089e-09 9.82234e-05
1.28242e-10 9.82234e-05
2.95125e-09 9.82234e-05
-1.51518e-09 9.82234e-05
-2.23875e-09 9.82234e-05
2.56768e-09 9.82234e-05
1.03271e-09 9.82234e-05
-3.05299e-09 9.82234e-05
4.02277e-10 9.82234e-05
2.8641e-09 9.82234e-05
-1.74817e-09 9.82234e-05
-2.04309e-09 9.82234e-05
2.70823e-09 9.82234e-05
7.70445e-10 9.82234e-05
-3.07072e-09 9.82234e-05
6.72898e-10 9.82234e-05
2.75546e-09 9.82234e-05
-1.96808e-09 9.82234e-05
-1.83077e-09 9.82234e-05
2.82843e-09 9.82234e-05
5.01682e-10 9.82234e-05
-3.06472e-09 9.82234e-05
9.39046e-10 9.82234e-05
2.62379e-09 9.82234e-05
-2.17218e-09 9.82234e-05
-1.60268e-09 9.82234e-05
2.92576e-09 9.82234e-05
2.27718e-10 9.82234e-05
-3.03317e-09 9.82234e-05
1.19793e-09 9.82234e-05
2.47014e-09 9.82234e-05
-2.35989e-09 9.82234e-05
-1.36093e-09 9.82234e-05
3.00009e-09 9.82234e-05
-4.92157e-11 9.82234e-05
-2.97702e-09 9.82234e-05
1.44891e-09 9.82234e-05
2.29705e-09 9.82234e-05
-2.52944e-09 9.82234e-05
-1.10976e-09 9.82234e-05
3.05114e-09 9.82234e-05
-3.24608e-10 9.82234e-05
-2.89892e-09 9.82234e-05
1.68798e-09 9.82234e-05
2.10521e-09 9.82234e-05
-2.67824e-09 9.82234e-05
-8.46004e-10 9.82234e-05
3.07678e-09 9.82234e-05
-6.00604e-10 9.82234e-05
-2.79426e-09 9.82234e-05
1.91456e-09 9.82234e-05
1.89398e-09 9.82234e-05
-2.80355e-09 9.82234e-05
-5.75938e-10 9.82234e-05
3.07239e-09 9.82234e-05
-8.68877e-10 9.82234e-05
-2.66443e-09 9.82234e-05
2.12109e-09 9.82234e-05
1.66826e-09 9.82234e-05
-2.9054e-09 9.82234e-05
-3.03015e-10 9.82234e-05
3.0486e-09 9.82234e-05
-1.13096e-09 9.82234e-05
-2.51657e-09 9.82234e-05
2.31454e-09 9.82234e-05
1.4284e-09 9.82234e-05
-2.98546e-09 9.82234e-05
-2.47518e-11 9.82234e-05
2.99784e-09 9.82234e-05
-1.38504e-09 9.82234e-05
-2.34771e-09 9.82234e-05
2.48853e-09 9.82234e-05
1.17732e-09 9.82234e-05
-3.04228e-09 9.82234e-05
2.53188e-10 9.82234e-05
2.92371e-09 9.82234e-05
-1.62752e-09 9.82234e-05
-2.15883e-09 9.82234e-05
2.64345e-09 9.82234e-05
9.1746e-10 9.82234e-05
-3.07389e-09 9.82234e-05
5.28289e-10 9.82234e-05
2.82621e-09 9.82234e-05
-1.85735e-09 9.82234e-05
-1.95268e-09 9.82234e-05
2.77627e-09 9.82234e-05
6.46931e-10 9.82234e-05
-3.08134e-09 9.82234e-05
8.03592e-10 9.82234e-05
2.7029e-09 9.82234e-05
-2.07437e-09 9.82234e-05
-1.72665e-09 9.82234e-05
2.88469e-09 9.82234e-05
3.69834e-10 9.82234e-05
-3.05702e-09 9.82234e-05
1.06797e-09 9.82234e-05
2.55456e-09 9.82234e-05
-2.26871e-09 9.82234e-05
-1.48783e-09 9.82234e-05
2.96853e-09 9.82234e-05
9.27756e-11 9.82234e-05
-3.01394e-09 9.82234e-05
1.32336e-09 9.82234e-05
2.39129e-09 9.82234e-05
-2.44857e-09 9.82234e-05
-1.23965e-09 9.82234e-05
3.03249e-09 9.82234e-05
-1.86358e-10 9.82234e-05
-2.94511e-09 9.82234e-05
1.57099e-09 9.82234e-05
2.20486e-09 9.82234e-05
-2.60707e-09 9.82234e-05
-9.78602e-10 9.82234e-05
3.06724e-09 9.82234e-05
-4.64574e-10 9.82234e-05
-2.84894e-09 9.82234e-05
1.80368e-09 9.82234e-05
2.0003e-09 9.82234e-05
-2.74303e-09 9.82234e-05
-7.10937e-10 9.82234e-05
3.07652e-09 9.82234e-05
-7.3555e-10 9.82234e-05
-2.72993e-09 9.82234e-05
2.01807e-09 9.82234e-05
1.78134e-09 9.82234e-05
-2.85409e-09 9.82234e-05
-4.40668e-10 9.82234e-05
3.05936e-09 9.82234e-05
-9.97272e-10 9.82234e-05
-2.58959e-09 9.82234e-05
2.21294e-09 9.82234e-05
1.5484e-09 9.82234e-05
-2.9395e-09 9.82234e-05
-1.67585e-10 9.82234e-05
3.01607e-09 9.82234e-05
-1.24697e-09 9.82234e-05
-2.42984e-09 9.82234e-05
2.38758e-09 9.82234e-05
1.30899e-09 9.82234e-05
-3.00338e-09 9.82234e-05
1.01775e-10 9.82234e-05
2.95638e-09 9.82234e-05
-1.48959e-09 9.82234e-05
-2.25696e-09 9.82234e-05
2.54989e-09 9.82234e-05
1.05975e-09 9.82234e-05
-3.04807e-09 9.82234e-05
3.71163e-10 9.82234e-05
2.87369e-09 9.82234e-05
-1.71918e-09 9.82234e-05
-2.06623e-09 9.82234e-05
2.68784e-09 9.82234e-05
8.05993e-10 9.82234e-05
-3.0647e-09 9.82234e-05
6.32404e-10 9.82234e-05
2.76597e-09 9.82234e-05
-1.92961e-09 9.82234e-05
-1.86057e-09 9.82234e-05
2.80062e-09 9.82234e-05
5.48003e-10 9.82234e-05
-3.05724e-09 9.82234e-05
8.86605e-10 9.82234e-05
2.64171e-09 9.82234e-05
-2.12783e-09 9.82234e-05
-1.6418e-09 9.82234e-05
2.89997e-09 9.82234e-05
2.80046e-10 9.82234e-05
-3.03148e-09 9.82234e-05
1.14381e-09 9.82234e-05
2.49338e-09 9.82234e-05
-2.31609e-09 9.82234e-05
-1.40541e-09 9.82234e-05
2.9763e-09 9.82234e-05
8.17124e-12 9.82234e-05
-2.98073e-09 9.82234e-05
1.39146e-09 9.82234e-05
2.3267e-09 9.82234e-05
-2.48529e-09 9.82234e-05
-1.15951e-09 9.82234e-05
3.03114e-09 9.82234e-05
-2.63547e-10 9.82234e-05
-2.90807e-09 9.82234e-05
1.62893e-09 9.82234e-05
2.14297e-09 9.82234e-05
-2.63669e-09 9.82234e-05
-9.04155e-10 9.82234e-05
3.06184e-09 9.82234e-05
-5.35241e-10 9.82234e-05
-2.81084e-09 9.82234e-05
1.85616e-09 9.82234e-05
1.93906e-09 9.82234e-05
-2.76704e-09 9.82234e-05
-6.39567e-10 9.82234e-05
3.06777e-09 9.82234e-05
-8.02991e-10 9.82234e-05
-2.69202e-09 9.82234e-05
2.06705e-09 9.82234e-05
1.72034e-09 9.82234e-05
-2.87569e-09 9.82234e-05
-3.68992e-10 9.82234e-05
3.04987e-09 9.82234e-05
-1.06434e-09 9.82234e-05
-2.54962e-09 9.82234e-05
2.26274e-09 9.82234e-05
1.48663e-09 9.82234e-05
-2.96167e-09 9.82234e-05
-9.51452e-11 9.82234e-05
3.00775e-09 9.82234e-05
-1.31821e-09 9.82234e-05
-2.38873e-09 9.82234e-05
2.4408e-09 9.82234e-05
1.24108e-09 9.82234e-05
-3.02456e-09 9.82234e-05
1.8046e-10 9.82234e-05
2.94002e-09 9.82234e-05
-1.5626e-09 9.82234e-05
-2.2049e-09 9.82234e-05
2.60038e-09 9.82234e-05
9.8402e-10 9.82234e-05
-3.06322e-09 9.82234e-05
4.56247e-10 9.82234e-05
2.84945e-09 9.82234e-05
-1.79509e-09 9.82234e-05
-2.00609e-09 9.82234e-05
2.73831e-09 9.82234e-05
7.19361e-10 9.82234e-05
-3.07681e-09 9.82234e-05
7.2848e-10 9.82234e-05
2.73404e-09 9.82234e-05
-2.01364e-09 9.82234e-05
-1.78801e-09 9.82234e-05
2.8537e-09 9.82234e-05
4.4691e-10 9.82234e-05
-3.064e-09 9.82234e-05
9.93797e-10 9.82234e-05
2.59684e-09 9.82234e-05
-2.21487e-09 9.82234e-05
-1.55523e-09 9.82234e-05
2.94637e-09 9.82234e-05
1.70097e-10 9.82234e-05
-3.02616e-09 9.82234e-05
1.25201e-09 9.82234e-05
2.43722e-09 9.82234e-05
-2.39841e-09 9.82234e-05
-1.30901e-09 9.82234e-05
3.01494e-09 9.82234e-05
-1.08685e-10 9.82234e-05
-2.96436e-09 9.82234e-05
1.50191e-09 9.82234e-05
2.25817e-09 9.82234e-05
-2.56311e-09 9.82234e-05
-1.05342e-09 9.82234e-05
3.0592e-09 9.82234e-05
-3.85057e-10 9.82234e-05
-2.87936e-09 9.82234e-05
1.7389e-09 9.82234e-05
2.06253e-09 9.82234e-05
-2.70925e-09 9.82234e-05
-7.88742e-10 9.82234e-05
3.08076e-09 9.82234e-05
-6.61256e-10 9.82234e-05
-2.7699e-09 9.82234e-05
1.96384e-09 9.82234e-05
1.84637e-09 9.82234e-05
-2.83249e-09 9.82234e-05
-5.14333e-10 9.82234e-05
3.07448e-09 9.82234e-05
-9.3242e-10 9.82234e-05
-2.63611e-09 9.82234e-05
2.17181e-09 9.82234e-05
1.61471e-09 9.82234e-05
-2.93101e-09 9.82234e-05
-2.36177e-10 9.82234e-05
3.04265e-09 9.82234e-05
-1.19549e-09 9.82234e-05
-2.48024e-09 9.82234e-05
2.3621e-09 9.82234e-05
1.36923e-09 9.82234e-05
-3.007e-09 9.82234e-05
4.69385e-11 9.82234e-05
2.98559e-09 9.82234e-05
-1.45166e-09 9.82234e-05
-2.30284e-09 9.82234e-05
2.53517e-09 9.82234e-05
1.11023e-09 9.82234e-05
-3.0579e-09 9.82234e-05
3.28807e-10 9.82234e-05
2.90296e-09 9.82234e-05
-1.69417e-09 9.82234e-05
-2.10537e-09 9.82234e-05
2.68437e-09 9.82234e-05
8.42185e-10 9.82234e-05
-3.08027e-09 9.82234e-05
6.08058e-10 9.82234e-05
2.7955e-09 9.82234e-05
-1.92256e-09 9.82234e-05
-1.89173e-09 9.82234e-05
2.81231e-09 9.82234e-05
5.68388e-10 9.82234e-05
-3.08006e-09 9.82234e-05
8.81546e-10 9.82234e-05
2.66556e-09 9.82234e-05
-2.13604e-09 9.82234e-05
-1.65983e-09 9.82234e-05
2.91763e-09 9.82234e-05
2.86843e-10 9.82234e-05
-3.0509e-09 9.82234e-05
1.14829e-09 9.82234e-05
2.51006e-09 9.82234e-05
-2.32863e-09 9.82234e-05
-1.41393e-09 9.82234e-05
2.99408e-09 9.82234e-05
5.60263e-12 9.82234e-05
-2.99723e-09 9.82234e-05
1.40381e-09 9.82234e-05
2.33773e-09 9.82234e-05
-2.50341e-09 9.82234e-05
-1.16039e-09 9.82234e-05
3.04967e-09 9.82234e-05
-2.74543e-10 9.82234e-05
-2.92125e-09 9.82234e-05
1.64943e-09 9.82234e-05
2.14512e-09 9.82234e-05
-2.65812e-09 9.82234e-05
-8.95067e-10 9.82234e-05
3.07811e-09 9.82234e-05
-5.53243e-10 9.82234e-05
-2.81644e-09 9.82234e-05
1.87854e-09 9.82234e-05
1.93278e-09 9.82234e-05
-2.78777e-09 9.82234e-05
-6.22197e-10 9.82234e-05
3.0809e-09 9.82234e-05
-8.27487e-10 9.82234e-05
-2.6927e-09 9.82234e-05
2.09416e-09 9.82234e-05
1.70692e-09 9.82234e-05
-2.89845e-09 9.82234e-05
-3.42744e-10 9.82234e-05
3.06018e-09 9.82234e-05
-1.09847e-09 9.82234e-05
-2.5432e-09 9.82234e-05
2.29567e-09 9.82234e-05
1.46241e-09 9.82234e-05
-2.98417e-09 9.82234e-05
-5.83746e-11 9.82234e-05
3.01194e-09 9.82234e-05
-1.35935e-09 9.82234e-05
-2.37243e-09 9.82234e-05
2.47669e-09 9.82234e-05
1.20633e-09 9.82234e-05
-3.04565e-09 9.82234e-05
2.28958e-10 9.82234e-05
2.93778e-09 9.82234e-05
-1.61274e-09 9.82234e-05
-2.17796e-09 9.82234e-05
2.63794e-09 9.82234e-05
9.36652e-10 9.82234e-05
-3.07758e-09 9.82234e-05
5.1234e-10 9.82234e-05
2.83585e-09 9.82234e-05
-1.84697e-09 9.82234e-05
-1.96776e-09 9.82234e-05
2.77216e-09 9.82234e-05
6.64063e-10 9.82234e-05
-3.08514e-09 9.82234e-05
7.88582e-10 9.82234e-05
2.71474e-09 9.82234e-05
-2.06647e-09 9.82234e-05
-1.74177e-09 9.82234e-05
2.88566e-09 9.82234e-05
3.8445e-10 9.82234e-05
-3.0641e-09 9.82234e-05
1.05675e-09 9.82234e-05
2.56447e-09 9.82234e-05
-2.26272e-09 9.82234e-05
-1.49939e-09 9.82234e-05
2.96775e-09 9.82234e-05
1.04269e-10 9.82234e-05
