1.41298e-19 6.73471e-15
-3.30442e-14 6.74134e-12
-1.3239e-13 1.34753e-11
-2.98029e-13 2.02079e-11
-5.29943e-13 2.69386e-11
-8.28111e-13 3.36667e-11
-1.1925e-12 4.03915e-11
-1.62309e-12 4.71124e-11
-2.11982e-12 5.38288e-11
-2.68265e-12 6.05399e-11
-3.31152e-12 6.72451e-11
-4.00638e-12 7.39439e-11
-4.76715e-12 8.06355e-11
-5.59377e-12 8.73192e-11
-6.48615e-12 9.39945e-11
-7.44421e-12 1.00661e-10
-8.46785e-12 1.07317e-10
-9.55698e-12 1.13963e-10
-1.07115e-11 1.20598e-10
-1.19312e-11 1.27221e-10
-1.32162e-11 1.33832e-10
-1.45661e-11 1.4043e-10
-1.59809e-11 1.47015e-10
-1.74605e-11 1.53585e-10
-1.90047e-11 1.6014e-10
-2.06134e-11 1.6668e-10
-2.22864e-11 1.73204e-10
-2.40235e-11 1.7971e-10
-2.58246e-11 1.862e-10
-2.76895e-11 1.92671e-10
-2.9618e-11 1.99124e-10
-3.161e-11 2.05557e-10
-3.36652e-11 2.1197e-10
-3.57834e-11 2.18363e-10
-3.79645e-11 2.24735e-10
-4.02082e-11 2.31085e-10
-4.25143e-11 2.37413e-10
-4.48826e-11 2.43717e-10
-4.73128e-11 2.49998e-10
-4.98048e-11 2.56255e-10
-5.23582e-11 2.62487e-10
-5.49729e-11 2.68693e-10
-5.76485e-11 2.74873e-10
-6.03849e-11 2.81027e-10
-6.31817e-11 2.87154e-10
-6.60387e-11 2.93252e-10
-6.89556e-11 2.99322e-10
-7.19321e-11 3.05364e-10
-7.4968e-11 3.11375e-10
-7.80629e-11 3.17357e-10
-8.12165e-11 3.23307e-10
-8.44286e-11 3.29227e-10
-8.76987e-11 3.35114e-10
-9.10267e-11 3.40969e-10
-9.44122e-11 3.46791e-10
-9.78548e-11 3.52579e-10
-1.01354e-10 3.58333e-10
-1.0491e-10 3.64053e-10
-1.08522e-10 3.69737e-10
-1.1219e-10 3.75385e-10
-1.15913e-10 3.80997e-10
-1.19692e-10 3.86572e-10
-1.23525e-10 3.92109e-10
-1.27412e-10 3.97609e-10
-1.31353e-10 4.0307e-10
-1.35348e-10 4.08492e-10
-1.39396e-10 4.13874e-10
-1.43497e-10 4.19216e-10
-1.47651e-10 4.24518e-10
-1.51856e-10 4.29778e-10
-1.56113e-10 4.34997e-10
-1.60421e-10 4.40173e-10
-1.6478e-10 4.45307e-10
-1.69189e-10 4.50398e-10
-1.73648e-10 4.55445e-10
-1.78156e-10 4.60448e-10
-1.82714e-10 4.65406e-10
-1.8732e-10 4.70319e-10
-1.91974e-10 4.75187e-10
-1.96676e-10 4.80009e-10
-2.01425e-10 4.84784e-10
-2.06221e-10 4.89512e-10
-2.11064e-10 4.94192e-10
-2.15952e-10 4.98825e-10
-2.20885e-10 5.03409e-10
-2.25864e-10 5.07945e-10
-2.30887e-10 5.12431e-10
-2.35954e-10 5.16868e-10
-2.41064e-10 5.21254e-10
-2.46217e-10 5.2559e-10
-2.51412e-10 5.29875e-10
-2.5665e-10 5.34109e-10
-2.61929e-10 5.38291e-10
-2.67249e-10 5.42421e-10
-2.72609e-10 5.46498e-10
-2.78009e-10 5.50522e-10
-2.83449e-10 5.54493e-10
-2.88927e-10 5.5841e-10
-2.94444e-10 5.62273e-10
-2.99998e-10 5.66082e-10
-3.0559e-10 5.69835e-10
-3.11218e-10 5.73534e-10
-3.16882e-10 5.77177e-10
-3.22582e-10 5.80763e-10
-3.28317e-10 5.84294e-10
-3.34087e-10 5.87768e-10
-3.3989e-10 5.91185e-10
-3.45727e-10 5.94545e-10
-3.51597e-10 5.97847e-10
-3.57499e-10 6.01091e-10
-3.63432e-10 6.04277e-10
-3.69397e-10 6.07404e-10
-3.75392e-10 6.10472e-10
-3.81417e-10 6.13481e-10
-3.87471e-10 6.16431e-10
-3.93554e-10 6.19321e-10
-3.99666e-10 6.22151e-10
-4.05804e-10 6.24921e-10
-4.1197e-10 6.2763e-10
-4.18162e-10 6.30278e-10
-4.2438e-10 6.32865e-10
-4.30623e-10 6.35391e-10
-4.36891e-10 6.37855e-10
-4.43183e-10 6.40258e-10
-4.49498e-10 6.42598e-10
-4.55835e-10 6.44876e-10
-4.62195e-10 6.47092e-10
-4.68576e-10 6.49245e-10
-4.74979e-10 6.51335e-10
-4.81401e-10 6.53361e-10
-4.87843e-10 6.55325e-10
-4.94304e-10 6.57225e-10
-5.00784e-10 6.59061e-10
-5.07281e-10 6.60833e-10
-5.13796e-10 6.62542e-10
-5.20326e-10 6.64186e-10
-5.26873e-10 6.65765e-10
-5.33435e-10 6.67281e-10
-5.40012e-10 6.68731e-10
-5.46602e-10 6.70117e-10
-5.53206e-10 6.71437e-10
-5.59823e-10 6.72693e-10
-5.66452e-10 6.73884e-10
-5.73092e-10 6.75009e-10
-5.79742e-10 6.76068e-10
-5.86403e-10 6.77062e-10
-5.93074e-10 6.77991e-10
-5.99753e-10 6.78854e-10
-6.0644e-10 6.79651e-10
-6.13135e-10 6.80382e-10
-6.19837e-10 6.81047e-10
-6.26545e-10 6.81646e-10
-6.33258e-10 6.8218e-10
-6.39977e-10 6.82646e-10
-6.467e-10 6.83047e-10
-6.53426e-10 6.83382e-10
-6.60155e-10 6.8365e-10
-6.66887e-10 6.83852e-10
-6.7362e-10 6.83988e-10
-6.80355e-10 6.84058e-10
-6.87089e-10 6.84061e-10
-6.93824e-10 6.83998e-10
-7.00557e-10 6.83869e-10
-7.07289e-10 6.83673e-10
-7.14019e-10 6.83411e-10
-7.20745e-10 6.83083e-10
-7.27468e-10 6.82688e-10
-7.34187e-10 6.82228e-10
-7.40901e-10 6.81701e-10
-7.4761e-10 6.81109e-10
-7.54312e-10 6.8045e-10
-7.61008e-10 6.79725e-10
-7.67696e-10 6.78934e-10
-7.74376e-10 6.78078e-10
-7.81047e-10 6.77156e-10
-7.87709e-10 6.76168e-10
-7.94361e-10 6.75115e-10
-8.01002e-10 6.73996e-10
-8.07632e-10 6.72812e-10
-8.1425e-10 6.71563e-10
-8.20855e-10 6.70248e-10
-8.27447e-10 6.68869e-10
-8.34025e-10 6.67425e-10
-8.40588e-10 6.65916e-10
-8.47136e-10 6.64342e-10
-8.53669e-10 6.62705e-10
-8.60185e-10 6.61003e-10
-8.66684e-10 6.59236e-10
-8.73165e-10 6.57406e-10
-8.79628e-10 6.55513e-10
-8.86072e-10 6.53555e-10
-8.92497e-10 6.51535e-10
-8.98901e-10 6.49451e-10
-9.05284e-10 6.47304e-10
-9.11646e-10 6.45095e-10
-9.17986e-10 6.42823e-10
-9.24303e-10 6.40489e-10
-9.30597e-10 6.38092e-10
-9.36867e-10 6.35634e-10
-9.43113e-10 6.33114e-10
-9.49333e-10 6.30533e-10
-9.55528e-10 6.27891e-10
-9.61696e-10 6.25187e-10
-9.67838e-10 6.22424e-10
-9.73951e-10 6.196e-10
-9.80037e-10 6.16715e-10
-9.86094e-10 6.13771e-10
-9.92122e-10 6.10768e-10
-9.9812e-10 6.07705e-10
-1.00409e-09 6.04584e-10
-1.01002e-09 6.01404e-10
-1.01593e-09 5.98165e-10
-1.0218e-09 5.94869e-10
-1.02764e-09 5.91515e-10
-1.03345e-09 5.88103e-10
-1.03922e-09 5.84635e-10
-1.04496e-09 5.8111e-10
-1.05066e-09 5.77529e-10
-1.05633e-09 5.73891e-10
-1.06196e-09 5.70198e-10
-1.06756e-09 5.6645e-10
-1.07312e-09 5.62647e-10
-1.07864e-09 5.58789e-10
-1.08412e-09 5.54877e-10
-1.08956e-09 5.50912e-10
-1.09497e-09 5.46893e-10
-1.10033e-09 5.4282e-10
-1.10565e-09 5.38696e-10
-1.11094e-09 5.34519e-10
-1.11618e-09 5.3029e-10
-1.12138e-09 5.2601e-10
-1.12654e-09 5.21679e-10
-1.13165e-09 5.17297e-10
-1.13672e-09 5.12866e-10
-1.14175e-09 5.08384e-10
-1.14673e-09 5.03853e-10
-1.15167e-09 4.99274e-10
-1.15656e-09 4.94646e-10
-1.16141e-09 4.8997e-10
-1.16621e-09 4.85246e-10
-1.17096e-09 4.80476e-10
-1.17567e-09 4.75659e-10
-1.18033e-09 4.70796e-10
-1.18494e-09 4.65887e-10
-1.1895e-09 4.60933e-10
-1.19402e-09 4.55934e-10
-1.19848e-09 4.50892e-10
-1.20289e-09 4.45805e-10
-1.20726e-09 4.40675e-10
-1.21157e-09 4.35503e-10
-1.21583e-09 4.30288e-10
-1.22004e-09 4.25032e-10
-1.2242e-09 4.19735e-10
-1.22831e-09 4.14396e-10
-1.23236e-09 4.09018e-10
-1.23636e-09 4.036e-10
-1.24031e-09 3.98143e-10
-1.2442e-09 3.92647e-10
-1.24804e-09 3.87113e-10
-1.25182e-09 3.81542e-10
-1.25555e-09 3.75934e-10
-1.25922e-09 3.70289e-10
-1.26284e-09 3.64608e-10
-1.2664e-09 3.58892e-10
-1.26991e-09 3.53141e-10
-1.27335e-09 3.47357e-10
-1.27675e-09 3.41538e-10
-1.28008e-09 3.35686e-10
-1.28336e-09 3.29802e-10
-1.28657e-09 3.23886e-10
-1.28973e-09 3.17938e-10
-1.29283e-09 3.11959e-10
-1.29587e-09 3.05951e-10
-1.29886e-09 2.99912e-10
-1.30178e-09 2.93845e-10
-1.30464e-09 2.87749e-10
-1.30745e-09 2.81625e-10
-1.31019e-09 2.75474e-10
-1.31287e-09 2.69296e-10
-1.31549e-09 2.63092e-10
-1.31805e-09 2.56863e-10
-1.32055e-09 2.50609e-10
-1.32298e-09 2.4433e-10
-1.32536e-09 2.38028e-10
-1.32767e-09 2.31703e-10
-1.32992e-09 2.25355e-10
-1.33211e-09 2.18985e-10
-1.33423e-09 2.12594e-10
-1.33629e-09 2.06183e-10
-1.33829e-09 1.99751e-10
-1.34023e-09 1.93301e-10
-1.3421e-09 1.86831e-10
-1.3439e-09 1.80343e-10
-1.34565e-09 1.73838e-10
-1.34733e-09 1.67316e-10
-1.34894e-09 1.60778e-10
-1.35049e-09 1.54224e-10
-1.35198e-09 1.47656e-10
-1.3534e-09 1.41073e-10
-1.35476e-09 1.34476e-10
-1.35605e-09 1.27866e-10
-1.35727e-09 1.21244e-10
-1.35843e-09 1.1461e-10
-1.35953e-09 1.07965e-10
-1.36056e-09 1.0131e-10
-1.36152e-09 9.46445e-11
-1.36242e-09 8.79701e-11
-1.36326e-09 8.12871e-11
-1.36402e-09 7.45963e-11
-1.36472e-09 6.78982e-11
-1.36536e-09 6.11936e-11
-1.36593e-09 5.4483e-11
-1.36643e-09 4.77671e-11
-1.36687e-09 4.10466e-11
-1.36724e-09 3.43222e-11
-1.36754e-09 2.75944e-11
-1.36778e-09 2.08639e-11
-1.36795e-09 1.41314e-11
-1.36806e-09 7.3976e-12
-1.3681e-09 6.6303e-13
-1.36807e-09 -6.0716e-12
-1.36798e-09 -1.28056e-11
-1.36782e-09 -1.95384e-11
-1.36759e-09 -2.62693e-11
-1.3673e-09 -3.29977e-11
-1.36694e-09 -3.97228e-11
-1.36652e-09 -4.64441e-11
-1.36603e-09 -5.31609e-11
-1.36547e-09 -5.98726e-11
-1.36485e-09 -6.65784e-11
-1.36416e-09 -7.32778e-11
-1.36341e-09 -7.99701e-11
-1.36259e-09 -8.66546e-11
-1.3617e-09 -9.33307e-11
-1.36075e-09 -9.99978e-11
-1.35973e-09 -1.06655e-10
-1.35865e-09 -1.13302e-10
-1.3575e-09 -1.19938e-10
-1.35629e-09 -1.26563e-10
-1.35501e-09 -1.33175e-10
-1.35366e-09 -1.39774e-10
-1.35226e-09 -1.4636e-10
-1.35078e-09 -1.52931e-10
-1.34924e-09 -1.59488e-10
-1.34764e-09 -1.66029e-10
-1.34597e-09 -1.72554e-10
-1.34424e-09 -1.79063e-10
-1.34245e-09 -1.85554e-10
-1.34059e-09 -1.92027e-10
-1.33867e-09 -1.98481e-10
-1.33668e-09 -2.04916e-10
-1.33463e-09 -2.11332e-10
-1.33252e-09 -2.17727e-10
-1.33034e-09 -2.241e-10
-1.32811e-09 -2.30452e-10
-1.32581e-09 -2.36782e-10
-1.32344e-09 -2.43089e-10
-1.32102e-09 -2.49372e-10
-1.31853e-09 -2.55631e-10
-1.31599e-09 -2.61865e-10
-1.31338e-09 -2.68074e-10
-1.31071e-09 -2.74257e-10
-1.30798e-09 -2.80413e-10
-1.30518e-09 -2.86542e-10
-1.30233e-09 -2.92644e-10
-1.29942e-09 -2.98716e-10
-1.29645e-09 -3.0476e-10
-1.29342e-09 -3.10775e-10
-1.29033e-09 -3.16759e-10
-1.28718e-09 -3.22713e-10
-1.28398e-09 -3.28635e-10
-1.28071e-09 -3.34526e-10
-1.27739e-09 -3.40384e-10
-1.27401e-09 -3.46209e-10
-1.27057e-09 -3.52e-10
-1.26708e-09 -3.57757e-10
-1.26353e-09 -3.6348e-10
-1.25992e-09 -3.69168e-10
-1.25626e-09 -3.74819e-10
-1.25254e-09 -3.80435e-10
-1.24877e-09 -3.86013e-10
-1.24494e-09 -3.91554e-10
-1.24106e-09 -3.97057e-10
-1.23712e-09 -4.02522e-10
-1.23313e-09 -4.07947e-10
-1.22909e-09 -4.13333e-10
-1.22499e-09 -4.18679e-10
-1.22084e-09 -4.23985e-10
-1.21664e-09 -4.29249e-10
-1.21239e-09 -4.34472e-10
-1.20809e-09 -4.39652e-10
-1.20373e-09 -4.4479e-10
-1.19933e-09 -4.49885e-10
-1.19487e-09 -4.54936e-10
-1.19037e-09 -4.59943e-10
-1.18582e-09 -4.64906e-10
-1.18122e-09 -4.69823e-10
-1.17657e-09 -4.74695e-10
-1.17187e-09 -4.79521e-10
-1.16712e-09 -4.843e-10
-1.16233e-09 -4.89033e-10
-1.15749e-09 -4.93718e-10
-1.15261e-09 -4.98355e-10
-1.14768e-09 -5.02944e-10
-1.14271e-09 -5.07484e-10
-1.13769e-09 -5.11975e-10
-1.13263e-09 -5.16417e-10
-1.12752e-09 -5.20808e-10
-1.12237e-09 -5.25149e-10
-1.11718e-09 -5.29439e-10
-1.11195e-09 -5.33677e-10
-1.10667e-09 -5.37864e-10
-1.10135e-09 -5.41999e-10
-1.096e-09 -5.46081e-10
-1.0906e-09 -5.5011e-10
-1.08517e-09 -5.54086e-10
-1.07969e-09 -5.58008e-10
-1.07418e-09 -5.61876e-10
-1.06863e-09 -5.6569e-10
-1.06304e-09 -5.69449e-10
-1.05741e-09 -5.73152e-10
-1.05175e-09 -5.768e-10
-1.04606e-09 -5.80393e-10
-1.04032e-09 -5.83928e-10
-1.03456e-09 -5.87408e-10
-1.02876e-09 -5.9083e-10
-1.02292e-09 -5.94195e-10
-1.01706e-09 -5.97503e-10
-1.01116e-09 -6.00752e-10
-1.00523e-09 -6.03944e-10
-9.99266e-10 -6.07076e-10
-9.93274e-10 -6.1015e-10
-9.87252e-10 -6.13165e-10
-9.812e-10 -6.1612e-10
-9.7512e-10 -6.19016e-10
-9.69011e-10 -6.21852e-10
-9.62875e-10 -6.24627e-10
-9.56712e-10 -6.27342e-10
-9.50522e-10 -6.29996e-10
-9.44307e-10 -6.32589e-10
-9.38066e-10 -6.3512e-10
-9.31801e-10 -6.3759e-10
-9.25511e-10 -6.39999e-10
-9.19198e-10 -6.42345e-10
-9.12863e-10 -6.44629e-10
-9.06505e-10 -6.4685e-10
-9.00126e-10 -6.49009e-10
-8.93725e-10 -6.51105e-10
-8.87305e-10 -6.53138e-10
-8.80865e-10 -6.55107e-10
-8.74405e-10 -6.57013e-10
-8.67927e-10 -6.58855e-10
-8.61432e-10 -6.60634e-10
-8.54919e-10 -6.62348e-10
-8.4839e-10 -6.63998e-10
-8.41844e-10 -6.65584e-10
-8.35284e-10 -6.67105e-10
-8.28708e-10 -6.68562e-10
-8.22119e-10 -6.69954e-10
-8.15516e-10 -6.7128e-10
-8.08901e-10 -6.72542e-10
-8.02273e-10 -6.73739e-10
-7.95634e-10 -6.7487e-10
-7.88985e-10 -6.75936e-10
-7.82325e-10 -6.76936e-10
-7.75655e-10 -6.77871e-10
-7.68977e-10 -6.7874e-10
-7.6229e-10 -6.79543e-10
-7.55596e-10 -6.80281e-10
-7.48895e-10 -6.80952e-10
-7.42187e-10 -6.81557e-10
-7.35474e-10 -6.82097e-10
-7.28756e-10 -6.8257e-10
-7.22034e-10 -6.82977e-10
-7.15308e-10 -6.83318e-10
-7.08579e-10 -6.83592e-10
-7.01847e-10 -6.83801e-10
-6.95114e-10 -6.83943e-10
-6.8838e-10 -6.84019e-10
-6.81645e-10 -6.84028e-10
-6.74911e-10 -6.83971e-10
-6.68177e-10 -6.83848e-10
-6.61445e-10 -6.83659e-10
-6.54715e-10 -6.83403e-10
-6.47988e-10 -6.83081e-10
-6.41265e-10 -6.82693e-10
-6.34546e-10 -6.82239e-10
-6.27831e-10 -6.81718e-10
-6.21122e-10 -6.81132e-10
-6.14419e-10 -6.80479e-10
-6.07723e-10 -6.79761e-10
-6.01034e-10 -6.78976e-10
-5.94353e-10 -6.78126e-10
-5.87681e-10 -6.7721e-10
-5.81018e-10 -6.76228e-10
-5.74365e-10 -6.75181e-10
-5.67723e-10 -6.74069e-10
-5.61092e-10 -6.72891e-10
-5.54473e-10 -6.71648e-10
-5.47867e-10 -6.70339e-10
-5.41274e-10 -6.68966e-10
-5.34694e-10 -6.67528e-10
-5.2813e-10 -6.66025e-10
-5.2158e-10 -6.64458e-10
-5.15046e-10 -6.62826e-10
-5.08528e-10 -6.6113e-10
-5.02028e-10 -6.5937e-10
-4.95545e-10 -6.57546e-10
-4.8908e-10 -6.55658e-10
-4.82634e-10 -6.53707e-10
-4.76208e-10 -6.51692e-10
-4.69802e-10 -6.49615e-10
-4.63416e-10 -6.47474e-10
-4.57052e-10 -6.4527e-10
-4.5071e-10 -6.43004e-10
-4.44391e-10 -6.40676e-10
-4.38095e-10 -6.38285e-10
-4.31823e-10 -6.35833e-10
-4.25575e-10 -6.33319e-10
-4.19352e-10 -6.30743e-10
-4.13155e-10 -6.28107e-10
-4.06984e-10 -6.25409e-10
-4.0084e-10 -6.22651e-10
-3.94723e-10 -6.19833e-10
-3.88635e-10 -6.16954e-10
-3.82575e-10 -6.14016e-10
-3.76544e-10 -6.11018e-10
-3.70543e-10 -6.07961e-10
-3.64573e-10 -6.04845e-10
-3.58633e-10 -6.0167e-10
-3.52725e-10 -5.98437e-10
-3.4685e-10 -5.95146e-10
-3.41006e-10 -5.91798e-10
-3.35197e-10 -5.88392e-10
-3.2942e-10 -5.84929e-10
-3.23679e-10 -5.81409e-10
-3.17972e-10 -5.77833e-10
-3.12301e-10 -5.74201e-10
-3.06665e-10 -5.70513e-10
-3.01067e-10 -5.6677e-10
-2.95505e-10 -5.62972e-10
-2.89981e-10 -5.59119e-10
-2.84496e-10 -5.55213e-10
-2.79049e-10 -5.51252e-10
-2.73641e-10 -5.47238e-10
-2.68273e-10 -5.43171e-10
-2.62945e-10 -5.39051e-10
-2.57658e-10 -5.34879e-10
-2.52413e-10 -5.30655e-10
-2.47209e-10 -5.2638e-10
-2.42048e-10 -5.22054e-10
-2.36929e-10 -5.17677e-10
-2.31854e-10 -5.1325e-10
-2.26823e-10 -5.08773e-10
-2.21836e-10 -5.04247e-10
-2.16894e-10 -4.99672e-10
-2.11997e-10 -4.95048e-10
-2.07146e-10 -4.90377e-10
-2.02341e-10 -4.85658e-10
-1.97583e-10 -4.80892e-10
-1.92872e-10 -4.76079e-10
-1.88208e-10 -4.7122e-10
-1.83593e-10 -4.66316e-10
-1.79026e-10 -4.61366e-10
-1.74508e-10 -4.56372e-10
-1.70039e-10 -4.51333e-10
-1.65621e-10 -4.46251e-10
-1.61252e-10 -4.41125e-10
-1.56934e-10 -4.35957e-10
-1.52668e-10 -4.30746e-10
-1.48453e-10 -4.25493e-10
-1.44289e-10 -4.202e-10
-1.40178e-10 -4.14865e-10
-1.3612e-10 -4.09491e-10
-1.32115e-10 -4.04076e-10
-1.28163e-10 -3.98623e-10
-1.24266e-10 -3.93131e-10
-1.20422e-10 -3.87601e-10
-1.16633e-10 -3.82033e-10
-1.12899e-10 -3.76428e-10
-1.09221e-10 -3.70787e-10
-1.05598e-10 -3.65109e-10
-1.02031e-10 -3.59397e-10
-9.85211e-11 -3.53649e-10
-9.50675e-11 -3.47867e-10
-9.16711e-11 -3.42052e-10
-8.8332e-11 -3.36203e-10
-8.50507e-11 -3.30322e-10
-8.18275e-11 -3.24409e-10
-7.86627e-11 -3.18464e-10
-7.55565e-11 -3.12488e-10
-7.25093e-11 -3.06483e-10
-6.95214e-11 -3.00447e-10
-6.6593e-11 -2.94382e-10
-6.37246e-11 -2.88289e-10
-6.09162e-11 -2.82168e-10
-5.81682e-11 -2.76019e-10
-5.54809e-11 -2.69844e-10
-5.28545e-11 -2.63642e-10
-5.02893e-11 -2.57415e-10
-4.77856e-11 -2.51163e-10
-4.53435e-11 -2.44887e-10
-4.29633e-11 -2.38587e-10
-4.06453e-11 -2.32264e-10
-3.83896e-11 -2.25918e-10
-3.61965e-11 -2.19551e-10
-3.40662e-11 -2.13162e-10
-3.19989e-11 -2.06752e-10
-2.99948e-11 -2.00323e-10
-2.80541e-11 -1.93874e-10
-2.6177e-11 -1.87406e-10
-2.43637e-11 -1.8092e-10
-2.26143e-11 -1.74416e-10
-2.0929e-11 -1.67896e-10
-1.9308e-11 -1.61359e-10
-1.77515e-11 -1.54807e-10
-1.62595e-11 -1.4824e-10
-1.48322e-11 -1.41658e-10
-1.34698e-11 -1.35062e-10
-1.21724e-11 -1.28454e-10
-1.09402e-11 -1.21833e-10
-9.77316e-12 -1.152e-10
-8.6715e-12 -1.08556e-10
-7.6353e-12 -1.01902e-10
-6.66467e-12 -9.52373e-11
-5.75969e-12 -8.85637e-11
-4.92047e-12 -8.18815e-11
-4.14707e-12 -7.51914e-11
-3.43957e-12 -6.8494e-11
-2.79805e-12 -6.17899e-11
-2.22256e-12 -5.50798e-11
-1.71316e-12 -4.83645e-11
-1.26989e-12 -4.16444e-11
-8.92814e-13 -3.49203e-11
-5.81952e-13 -2.81928e-11
-3.37339e-13 -2.14625e-11
-1.58999e-13 -1.47302e-11
-4.69474e-14 -7.99644e-12
-1.19666e-15 -1.26192e-12
-2.17509e-14 5.47273e-12
-1.08608e-13 1.22069e-11
-2.6176e-13 1.89398e-11
-4.81191e-13 2.56709e-11
-7.6688e-13 3.23995e-11
-1.1188e-12 3.9125e-11
-1.53692e-12 4.58467e-11
-2.02119e-12 5.25639e-11
-2.57157e-12 5.92761e-11
-3.18801e-12 6.59825e-11
-3.87044e-12 7.26825e-11
-4.61881e-12 7.93755e-11
-5.43303e-12 8.60608e-11
-6.31303e-12 9.27377e-11
-7.25872e-12 9.94057e-11
-8.27001e-12 1.06064e-10
-9.34681e-12 1.12712e-10
-1.0489e-11 1.19349e-10
-1.16965e-11 1.25975e-10
-1.29691e-11 1.32588e-10
-1.43069e-11 1.39189e-10
-1.57095e-11 1.45776e-10
-1.71769e-11 1.52348e-10
-1.87089e-11 1.58907e-10
-2.03055e-11 1.65449e-10
-2.19663e-11 1.71976e-10
-2.36914e-11 1.78486e-10
-2.54804e-11 1.84979e-10
-2.73333e-11 1.91453e-10
-2.92499e-11 1.9791e-10
-3.12299e-11 2.04347e-10
-3.32732e-11 2.10764e-10
-3.53796e-11 2.17161e-10
-3.75488e-11 2.23536e-10
-3.97807e-11 2.29891e-10
-4.20751e-11 2.36222e-10
-4.44317e-11 2.42531e-10
-4.68503e-11 2.48817e-10
-4.93306e-11 2.55078e-10
-5.18725e-11 2.61315e-10
-5.44757e-11 2.67526e-10
-5.71398e-11 2.73711e-10
-5.98648e-11 2.7987e-10
-6.26502e-11 2.86002e-10
-6.54959e-11 2.92105e-10
-6.84016e-11 2.98181e-10
-7.13669e-11 3.04228e-10
-7.43916e-11 3.10245e-10
-7.74754e-11 3.16232e-10
-8.06179e-11 3.22189e-10
-8.3819e-11 3.28114e-10
-8.70783e-11 3.34008e-10
-9.03954e-11 3.39869e-10
-9.37701e-11 3.45697e-10
-9.7202e-11 3.51491e-10
-1.00691e-10 3.57252e-10
-1.04236e-10 3.62978e-10
-1.07838e-10 3.68669e-10
-1.11495e-10 3.74324e-10
-1.15208e-10 3.79943e-10
-1.18976e-10 3.85525e-10
-1.22799e-10 3.91069e-10
-1.26676e-10 3.96576e-10
-1.30607e-10 4.02044e-10
-1.34592e-10 4.07473e-10
-1.3863e-10 4.12863e-10
-1.42721e-10 4.18213e-10
-1.46864e-10 4.23522e-10
-1.5106e-10 4.2879e-10
-1.55307e-10 4.34017e-10
-1.59605e-10 4.39201e-10
-1.63955e-10 4.44343e-10
-1.68354e-10 4.49442e-10
-1.72804e-10 4.54498e-10
-1.77303e-10 4.59509e-10
-1.81852e-10 4.64476e-10
-1.86449e-10 4.69397e-10
-1.91094e-10 4.74274e-10
-1.95787e-10 4.79104e-10
-2.00527e-10 4.83888e-10
-2.05314e-10 4.88625e-10
-2.10148e-10 4.93314e-10
-2.15028e-10 4.97956e-10
-2.19953e-10 5.02549e-10
-2.24923e-10 5.07094e-10
-2.29937e-10 5.1159e-10
-2.34996e-10 5.16036e-10
-2.40098e-10 5.20432e-10
-2.45243e-10 5.24777e-10
-2.5043e-10 5.29072e-10
-2.5566e-10 5.33316e-10
-2.60931e-10 5.37507e-10
-2.66244e-10 5.41647e-10
-2.71596e-10 5.45734e-10
-2.76989e-10 5.49768e-10
-2.82421e-10 5.53749e-10
-2.87892e-10 5.57677e-10
-2.93402e-10 5.6155e-10
-2.98949e-10 5.65369e-10
-3.04533e-10 5.69133e-10
-3.10155e-10 5.72841e-10
-3.15813e-10 5.76495e-10
-3.21506e-10 5.80092e-10
-3.27234e-10 5.83633e-10
-3.32998e-10 5.87118e-10
-3.38795e-10 5.90546e-10
-3.44625e-10 5.93916e-10
-3.50489e-10 5.97229e-10
-3.56385e-10 6.00484e-10
-3.62312e-10 6.03681e-10
-3.68271e-10 6.06819e-10
-3.7426e-10 6.09899e-10
-3.8028e-10 6.12919e-10
-3.86329e-10 6.1588e-10
-3.92406e-10 6.18781e-10
-3.98512e-10 6.21623e-10
-4.04646e-10 6.24404e-10
-4.10807e-10 6.27124e-10
-4.16994e-10 6.29784e-10
-4.23207e-10 6.32383e-10
-4.29445e-10 6.3492e-10
-4.35708e-10 6.37396e-10
-4.41996e-10 6.3981e-10
-4.48306e-10 6.42162e-10
-4.5464e-10 6.44452e-10
-4.60995e-10 6.46679e-10
-4.67373e-10 6.48844e-10
-4.73771e-10 6.50946e-10
-4.8019e-10 6.52984e-10
-4.86628e-10 6.5496e-10
-4.93086e-10 6.56872e-10
-4.99562e-10 6.5872e-10
-5.06056e-10 6.60504e-10
-5.12567e-10 6.62225e-10
-5.19095e-10 6.63881e-10
-5.25639e-10 6.65473e-10
-5.32198e-10 6.67e-10
-5.38772e-10 6.68463e-10
-5.4536e-10 6.69861e-10
-5.51961e-10 6.71194e-10
-5.58576e-10 6.72462e-10
-5.65202e-10 6.73664e-10
-5.7184e-10 6.74802e-10
-5.78489e-10 6.75874e-10
-5.85148e-10 6.7688e-10
-5.91816e-10 6.77821e-10
-5.98494e-10 6.78696e-10
-6.0518e-10 6.79506e-10
-6.11873e-10 6.80249e-10
-6.18574e-10 6.80927e-10
-6.25281e-10 6.81539e-10
-6.31993e-10 6.82084e-10
-6.38711e-10 6.82564e-10
-6.45433e-10 6.82977e-10
-6.52159e-10 6.83324e-10
-6.58887e-10 6.83605e-10
-6.65619e-10 6.83819e-10
-6.72352e-10 6.83968e-10
-6.79086e-10 6.8405e-10
-6.85821e-10 6.84065e-10
-6.92555e-10 6.84015e-10
-6.99289e-10 6.83898e-10
-7.06021e-10 6.83715e-10
-7.12751e-10 6.83465e-10
-7.19478e-10 6.8315e-10
-7.26202e-10 6.82768e-10
-7.32922e-10 6.8232e-10
-7.39637e-10 6.81806e-10
-7.46347e-10 6.81225e-10
-7.5305e-10 6.80579e-10
-7.59747e-10 6.79867e-10
-7.66437e-10 6.79088e-10
-7.73118e-10 6.78244e-10
-7.79791e-10 6.77335e-10
-7.86455e-10 6.76359e-10
-7.93109e-10 6.75318e-10
-7.99752e-10 6.74212e-10
-8.06384e-10 6.7304e-10
-8.13004e-10 6.71803e-10
-8.19611e-10 6.70501e-10
-8.26206e-10 6.69134e-10
-8.32787e-10 6.67702e-10
-8.39353e-10 6.66205e-10
-8.45904e-10 6.64644e-10
-8.5244e-10 6.63018e-10
-8.58959e-10 6.61328e-10
-8.65461e-10 6.59574e-10
-8.71946e-10 6.57756e-10
-8.78412e-10 6.55874e-10
-8.8486e-10 6.53929e-10
-8.91288e-10 6.5192e-10
-8.97696e-10 6.49848e-10
-9.04083e-10 6.47714e-10
-9.10449e-10 6.45516e-10
-9.16793e-10 6.43256e-10
-9.23115e-10 6.40933e-10
-9.29413e-10 6.38548e-10
-9.35688e-10 6.36102e-10
-9.41938e-10 6.33594e-10
-9.48163e-10 6.31024e-10
-9.54363e-10 6.28393e-10
-9.60536e-10 6.25701e-10
-9.66683e-10 6.22949e-10
-9.72802e-10 6.20136e-10
-9.78893e-10 6.17263e-10
-9.84956e-10 6.14331e-10
-9.90989e-10 6.11338e-10
-9.96993e-10 6.08287e-10
-1.00297e-09 6.05176e-10
-1.00891e-09 6.02007e-10
-1.01482e-09 5.9878e-10
-1.0207e-09 5.95494e-10
-1.02654e-09 5.92151e-10
-1.03236e-09 5.8875e-10
-1.03814e-09 5.85293e-10
-1.04388e-09 5.81778e-10
-1.04959e-09 5.78208e-10
-1.05527e-09 5.74581e-10
-1.06091e-09 5.70898e-10
-1.06651e-09 5.6716e-10
-1.07207e-09 5.63367e-10
-1.0776e-09 5.5952e-10
-1.08309e-09 5.55618e-10
-1.08854e-09 5.51663e-10
-1.09395e-09 5.47654e-10
-1.09932e-09 5.43592e-10
-1.10465e-09 5.39477e-10
-1.10995e-09 5.3531e-10
-1.11519e-09 5.31091e-10
-1.1204e-09 5.2682e-10
-1.12557e-09 5.22499e-10
-1.13069e-09 5.18127e-10
-1.13577e-09 5.13704e-10
-1.14081e-09 5.09232e-10
-1.1458e-09 5.04711e-10
-1.15074e-09 5.0014e-10
-1.15564e-09 4.95521e-10
-1.1605e-09 4.90854e-10
-1.16531e-09 4.8614e-10
-1.17007e-09 4.81378e-10
-1.17479e-09 4.7657e-10
-1.17945e-09 4.71715e-10
-1.18407e-09 4.66815e-10
-1.18865e-09 4.6187e-10
-1.19317e-09 4.56879e-10
-1.19764e-09 4.51845e-10
-1.20207e-09 4.46767e-10
-1.20644e-09 4.41645e-10
-1.21076e-09 4.36481e-10
-1.21503e-09 4.31274e-10
-1.21925e-09 4.26025e-10
-1.22342e-09 4.20736e-10
-1.22754e-09 4.15405e-10
-1.2316e-09 4.10034e-10
-1.23561e-09 4.04624e-10
-1.23957e-09 3.99174e-10
-1.24347e-09 3.93685e-10
-1.24732e-09 3.88159e-10
-1.25111e-09 3.82594e-10
-1.25485e-09 3.76993e-10
-1.25854e-09 3.71355e-10
-1.26216e-09 3.65681e-10
-1.26574e-09 3.59972e-10
-1.26925e-09 3.54227e-10
-1.27271e-09 3.48449e-10
-1.27611e-09 3.42636e-10
-1.27946e-09 3.36791e-10
-1.28274e-09 3.30913e-10
-1.28597e-09 3.25002e-10
-1.28914e-09 3.19061e-10
-1.29225e-09 3.13088e-10
-1.29531e-09 3.07085e-10
-1.2983e-09 3.01052e-10
-1.30123e-09 2.9499e-10
-1.30411e-09 2.889e-10
-1.30692e-09 2.82781e-10
-1.30968e-09 2.76635e-10
-1.31237e-09 2.70462e-10
-1.315e-09 2.64263e-10
-1.31757e-09 2.58038e-10
-1.32008e-09 2.51789e-10
-1.32253e-09 2.45515e-10
-1.32492e-09 2.39217e-10
-1.32724e-09 2.32896e-10
-1.3295e-09 2.26552e-10
-1.3317e-09 2.20187e-10
-1.33384e-09 2.138e-10
-1.33591e-09 2.07392e-10
-1.33792e-09 2.00964e-10
-1.33987e-09 1.94517e-10
-1.34175e-09 1.88051e-10
-1.34357e-09 1.81567e-10
-1.34532e-09 1.75065e-10
-1.34702e-09 1.68546e-10
-1.34864e-09 1.62011e-10
-1.3502e-09 1.5546e-10
-1.3517e-09 1.48894e-10
-1.35314e-09 1.42314e-10
-1.3545e-09 1.3572e-10
-1.35581e-09 1.29112e-10
-1.35705e-09 1.22492e-10
-1.35822e-09 1.15861e-10
-1.35933e-09 1.09218e-10
-1.36037e-09 1.02564e-10
-1.36135e-09 9.59008e-11
-1.36226e-09 8.92281e-11
-1.3631e-09 8.25467e-11
-1.36388e-09 7.58573e-11
-1.3646e-09 6.91605e-11
-1.36524e-09 6.2457e-11
-1.36583e-09 5.57475e-11
-1.36634e-09 4.90326e-11
-1.36679e-09 4.23129e-11
-1.36717e-09 3.55892e-11
-1.36749e-09 2.8862e-11
-1.36774e-09 2.2132e-11
-1.36793e-09 1.53998e-11
-1.36805e-09 8.66616e-12
-1.3681e-09 1.93168e-12
-1.36808e-09 -4.80299e-12
-1.368e-09 -1.15372e-11
-1.36786e-09 -1.82703e-11
-1.36764e-09 -2.50016e-11
-1.36736e-09 -3.17305e-11
-1.36702e-09 -3.84563e-11
-1.36661e-09 -4.51783e-11
-1.36613e-09 -5.1896e-11
-1.36558e-09 -5.86087e-11
-1.36497e-09 -6.53157e-11
-1.3643e-09 -7.20163e-11
-1.36355e-09 -7.871e-11
-1.36275e-09 -8.5396e-11
-1.36187e-09 -9.20738e-11
-1.36093e-09 -9.87426e-11
-1.35993e-09 -1.05402e-10
-1.35886e-09 -1.12051e-10
-1.35772e-09 -1.18689e-10
-1.35652e-09 -1.25316e-10
-1.35525e-09 -1.3193e-10
-1.35392e-09 -1.38532e-10
-1.35253e-09 -1.4512e-10
-1.35106e-09 -1.51695e-10
-1.34954e-09 -1.58254e-10
-1.34795e-09 -1.64798e-10
-1.34629e-09 -1.71326e-10
-1.34457e-09 -1.77838e-10
-1.34279e-09 -1.84332e-10
-1.34094e-09 -1.90809e-10
-1.33903e-09 -1.97267e-10
-1.33706e-09 -2.03706e-10
-1.33502e-09 -2.10125e-10
-1.33292e-09 -2.16524e-10
-1.33076e-09 -2.22901e-10
-1.32853e-09 -2.29258e-10
-1.32624e-09 -2.35592e-10
-1.32389e-09 -2.41903e-10
-1.32148e-09 -2.4819e-10
-1.31901e-09 -2.54454e-10
-1.31647e-09 -2.60693e-10
-1.31387e-09 -2.66906e-10
-1.31121e-09 -2.73094e-10
-1.30849e-09 -2.79256e-10
