5.65695e-19 6.73518e-15
-1.31561e-13 6.74019e-12
-5.26912e-13 1.34633e-11
-1.18544e-12 2.01658e-11
-2.10615e-12 2.68373e-11
-3.2876e-12 3.34676e-11
-4.728e-12 4.00465e-11
-6.42512e-12 4.65639e-11
-8.37637e-12 5.30098e-11
-1.05787e-11 5.93743e-11
-1.30288e-11 6.56475e-11
-1.57229e-11 7.18199e-11
-1.86568e-11 7.7882e-11
-2.1826e-11 8.38245e-11
-2.52257e-11 8.96382e-11
-2.88506e-11 9.53142e-11
-3.26952e-11 1.00844e-10
-3.67535e-11 1.06218e-10
-4.10194e-11 1.1143e-10
-4.54862e-11 1.1647e-10
-5.01471e-11 1.21331e-10
-5.4995e-11 1.26006e-10
-6.00223e-11 1.30488e-10
-6.52214e-11 1.34769e-10
-7.05843e-11 1.38842e-10
-7.61028e-11 1.42703e-10
-8.17682e-11 1.46344e-10
-8.75721e-11 1.49761e-10
-9.35054e-11 1.52947e-10
-9.95589e-11 1.55899e-10
-1.05724e-10 1.5861e-10
-1.1199e-10 1.61079e-10
-1.18348e-10 1.63299e-10
-1.24788e-10 1.65269e-10
-1.313e-10 1.66985e-10
-1.37875e-10 1.68445e-10
-1.44502e-10 1.69645e-10
-1.51171e-10 1.70585e-10
-1.57871e-10 1.71263e-10
-1.64593e-10 1.71678e-10
-1.71326e-10 1.71829e-10
-1.7806e-10 1.71716e-10
-1.84784e-10 1.71339e-10
-1.91489e-10 1.70699e-10
-1.98163e-10 1.69797e-10
-2.04796e-10 1.68634e-10
-2.11379e-10 1.67211e-10
-2.17901e-10 1.65532e-10
-2.24352e-10 1.63599e-10
-2.30723e-10 1.61414e-10
-2.37003e-10 1.58981e-10
-2.43183e-10 1.56304e-10
-2.49253e-10 1.53387e-10
-2.55204e-10 1.50234e-10
-2.61027e-10 1.46851e-10
-2.66713e-10 1.43241e-10
-2.72253e-10 1.39412e-10
-2.77639e-10 1.35369e-10
-2.82862e-10 1.31117e-10
-2.87915e-10 1.26664e-10
-2.92789e-10 1.22017e-10
-2.97477e-10 1.17182e-10
-3.01973e-10 1.12167e-10
-3.06268e-10 1.0698e-10
-3.10356e-10 1.01628e-10
-3.14232e-10 9.61203e-11
-3.17889e-10 9.04648e-11
-3.21322e-10 8.46705e-11
-3.24524e-10 7.8746e-11
-3.27492e-10 7.27006e-11
-3.30221e-10 6.65435e-11
-3.32707e-10 6.02842e-11
-3.34945e-10 5.39322e-11
-3.36933e-10 4.74975e-11
-3.38667e-10 4.09898e-11
-3.40144e-10 3.44191e-11
-3.41363e-10 2.77956e-11
-3.42321e-10 2.11294e-11
-3.43018e-10 1.44307e-11
-3.43451e-10 7.70994e-12
-3.43621e-10 9.77335e-13
-3.43526e-10 -5.75675e-12
-3.43168e-10 -1.2482e-11
-3.42547e-10 -1.9188e-11
-3.41663e-10 -2.58645e-11
-3.40518e-10 -3.25012e-11
-3.39114e-10 -3.90879e-11
-3.37453e-10 -4.56146e-11
-3.35537e-10 -5.20712e-11
-3.3337e-10 -5.84477e-11
-3.30955e-10 -6.47344e-11
-3.28295e-10 -7.09216e-11
-3.25394e-10 -7.69998e-11
-3.22258e-10 -8.29596e-11
-3.1889e-10 -8.8792e-11
-3.15297e-10 -9.44879e-11
-3.11483e-10 -1.00039e-10
-3.07454e-10 -1.05436e-10
-3.03217e-10 -1.1067e-10
-2.98778e-10 -1.15735e-10
-2.94144e-10 -1.20622e-10
-2.89322e-10 -1.25324e-10
-2.8432e-10 -1.29833e-10
-2.79144e-10 -1.34143e-10
-2.73804e-10 -1.38246e-10
-2.68307e-10 -1.42137e-10
-2.62662e-10 -1.45809e-10
-2.56877e-10 -1.49258e-10
-2.50961e-10 -1.52477e-10
-2.44924e-10 -1.55462e-10
-2.38774e-10 -1.58208e-10
-2.32522e-10 -1.6071e-10
-2.26176e-10 -1.62966e-10
-2.19747e-10 -1.64972e-10
-2.13244e-10 -1.66723e-10
-2.06678e-10 -1.68219e-10
-2.00057e-10 -1.69456e-10
-1.93394e-10 -1.70433e-10
-1.86697e-10 -1.71148e-10
-1.79978e-10 -1.716e-10
-1.73246e-10 -1.71788e-10
-1.66511e-10 -1.71712e-10
-1.59785e-10 -1.71372e-10
-1.53077e-10 -1.70769e-10
-1.46398e-10 -1.69904e-10
-1.39759e-10 -1.68778e-10
-1.33168e-10 -1.67392e-10
-1.26637e-10 -1.65749e-10
-1.20175e-10 -1.63851e-10
-1.13792e-10 -1.61701e-10
-1.07499e-10 -1.59303e-10
-1.01305e-10 -1.5666e-10
-9.52184e-11 -1.53777e-10
-8.92499e-11 -1.50657e-10
-8.34082e-11 -1.47305e-10
-7.77024e-11 -1.43728e-10
-7.21412e-11 -1.39929e-10
-6.67332e-11 -1.35915e-10
-6.14866e-11 -1.31693e-10
-5.64095e-11 -1.27268e-10
-5.15097e-11 -1.22647e-10
-4.67948e-11 -1.17838e-10
-4.2272e-11 -1.12848e-10
-3.79482e-11 -1.07685e-10
-3.38301e-11 -1.02356e-10
-2.9924e-11 -9.68694e-11
-2.62359e-11 -9.12343e-11
-2.27715e-11 -8.54589e-11
-1.95361e-11 -7.95522e-11
-1.65346e-11 -7.35233e-11
-1.37718e-11 -6.73814e-11
-1.12518e-11 -6.11359e-11
-8.97845e-12 -5.47964e-11
-6.95534e-12 -4.83727e-11
-5.18552e-12 -4.18747e-11
-3.67173e-12 -3.53123e-11
-2.41629e-12 -2.86956e-11
-1.42113e-12 -2.20347e-11
-6.87776e-13 -1.534e-11
-2.17356e-13 -8.62175e-12
-1.05935e-14 -1.89018e-12
-6.78055e-14 4.84432e-12
-3.88904e-13 1.15714e-11
-9.73397e-13 1.82807e-11
-1.82039e-12 2.4962e-11
-2.92857e-12 3.1605e-11
-4.29624e-12 3.81994e-11
-5.9213e-12 4.47351e-11
-7.80126e-12 5.12021e-11
-9.93322e-12 5.75905e-11
-1.23139e-11 6.38905e-11
-1.49397e-11 7.00922e-11
-1.78065e-11 7.61864e-11
-2.09099e-11 8.21634e-11
-2.42452e-11 8.80143e-11
-2.78072e-11 9.373e-11
-3.15905e-11 9.93016e-11
-3.55893e-11 1.04721e-10
-3.97973e-11 1.09979e-10
-4.42082e-11 1.15068e-10
-4.88152e-11 1.19981e-10
-5.36111e-11 1.24709e-10
-5.85887e-11 1.29246e-10
-6.37402e-11 1.33584e-10
-6.90578e-11 1.37716e-10
-7.45332e-11 1.41638e-10
-8.01582e-11 1.45341e-10
-8.5924e-11 1.48822e-10
-9.18217e-11 1.52073e-10
-9.78423e-11 1.55091e-10
-1.03977e-10 1.57871e-10
-1.10215e-10 1.60408e-10
-1.16548e-10 1.62699e-10
-1.22966e-10 1.6474e-10
-1.2946e-10 1.66528e-10
-1.36018e-10 1.6806e-10
-1.42631e-10 1.69333e-10
-1.49289e-10 1.70347e-10
-1.55982e-10 1.71099e-10
-1.62699e-10 1.71588e-10
-1.6943e-10 1.71813e-10
-1.76164e-10 1.71774e-10
-1.82892e-10 1.71472e-10
-1.89603e-10 1.70906e-10
-1.96287e-10 1.70077e-10
-2.02933e-10 1.68988e-10
-2.09531e-10 1.67638e-10
-2.16071e-10 1.66031e-10
-2.22543e-10 1.64169e-10
-2.28937e-10 1.62055e-10
-2.35244e-10 1.59691e-10
-2.41453e-10 1.57083e-10
-2.47555e-10 1.54233e-10
-2.53541e-10 1.51146e-10
-2.59401e-10 1.47827e-10
-2.65126e-10 1.4428e-10
-2.70708e-10 1.40513e-10
-2.76138e-10 1.36529e-10
-2.81408e-10 1.32335e-10
-2.8651e-10 1.27938e-10
-2.91435e-10 1.23345e-10
-2.96176e-10 1.18562e-10
-3.00726e-10 1.13597e-10
-3.05079e-10 1.08458e-10
-3.09226e-10 1.03151e-10
-3.13162e-10 9.76868e-11
-3.16882e-10 9.20721e-11
-3.20378e-10 8.6316e-11
-3.23646e-10 8.04273e-11
-3.26681e-10 7.4415e-11
-3.29477e-10 6.82884e-11
-3.32032e-10 6.20569e-11
-3.3434e-10 5.57301e-11
-3.36398e-10 4.93176e-11
-3.38204e-10 4.28295e-11
-3.39754e-10 3.62755e-11
-3.41046e-10 2.96659e-11
-3.42078e-10 2.30106e-11
-3.42848e-10 1.63201e-11
-3.43356e-10 9.60449e-12
-3.436e-10 2.87417e-12
-3.4358e-10 -3.86055e-12
-3.43296e-10 -1.05893e-11
-3.42748e-10 -1.73018e-11
-3.41938e-10 -2.39876e-11
-3.40867e-10 -3.06366e-11
-3.39535e-10 -3.72384e-11
-3.37947e-10 -4.3783e-11
-3.36102e-10 -5.02604e-11
-3.34006e-10 -5.66604e-11
-3.3166e-10 -6.29734e-11
-3.29068e-10 -6.91896e-11
-3.26235e-10 -7.52994e-11
-3.23165e-10 -8.12936e-11
-3.19862e-10 -8.71627e-11
-3.16331e-10 -9.2898e-11
-3.12579e-10 -9.84904e-11
-3.0861e-10 -1.03932e-10
-3.04431e-10 -1.09213e-10
-3.00048e-10 -1.14326e-10
-2.95469e-10 -1.19264e-10
-2.90699e-10 -1.24019e-10
-2.85746e-10 -1.28583e-10
-2.80619e-10 -1.32949e-10
-2.75324e-10 -1.37111e-10
-2.69871e-10 -1.41063e-10
-2.64266e-10 -1.44797e-10
-2.5852e-10 -1.4831e-10
-2.5264e-10 -1.51594e-10
-2.46636e-10 -1.54645e-10
-2.40517e-10 -1.57459e-10
-2.34293e-10 -1.6003e-10
-2.27972e-10 -1.62356e-10
-2.21566e-10 -1.64432e-10
-2.15083e-10 -1.66256e-10
-2.08533e-10 -1.67824e-10
-2.01927e-10 -1.69134e-10
-1.95274e-10 -1.70184e-10
-1.88586e-10 -1.70973e-10
-1.81872e-10 -1.71499e-10
-1.75142e-10 -1.71762e-10
-1.68408e-10 -1.7176e-10
-1.61678e-10 -1.71495e-10
-1.54964e-10 -1.70966e-10
-1.48276e-10 -1.70174e-10
-1.41624e-10 -1.69121e-10
-1.35019e-10 -1.67808e-10
-1.2847e-10 -1.66237e-10
-1.21987e-10 -1.64411e-10
-1.15581e-10 -1.62332e-10
-1.09262e-10 -1.60003e-10
-1.03039e-10 -1.57429e-10
-9.6921e-11 -1.54613e-10
-9.09185e-11 -1.51559e-10
-8.50402e-11 -1.48272e-10
-7.92952e-11 -1.44758e-10
-7.36924e-11 -1.41021e-10
-6.82404e-11 -1.37067e-10
-6.29475e-11 -1.32903e-10
-5.78218e-11 -1.28534e-10
-5.28714e-11 -1.23968e-10
-4.81036e-11 -1.19211e-10
-4.3526e-11 -1.14271e-10
-3.91454e-11 -1.09156e-10
-3.49687e-11 -1.03873e-10
-3.10023e-11 -9.84301e-11
-2.72522e-11 -9.2836e-11
-2.37243e-11 -8.70992e-11
-2.04239e-11 -8.12286e-11
-1.7356e-11 -7.52332e-11
-1.45255e-11 -6.91221e-11
-1.19367e-11 -6.29048e-11
-9.59357e-12 -5.65908e-11
-7.49965e-12 -5.01899e-11
-5.6582e-12 -4.37118e-11
-4.07205e-12 -3.71665e-11
-2.74363e-12 -3.0564e-11
-1.67499e-12 -2.39146e-11
-8.67768e-13 -1.72284e-11
-3.23202e-13 -1.05157e-11
-4.21303e-14 -3.78687e-12
-2.49853e-14 2.94785e-12
-2.71793e-13 9.67807e-12
-7.82174e-13 1.63935e-11
-1.55534e-12 2.30837e-11
-2.59012e-12 2.97384e-11
-3.8849e-12 3.63475e-11
-5.43771e-12 4.29008e-11
-7.24615e-12 4.93882e-11
-9.30745e-12 5.57998e-11
-1.16184e-11 6.21256e-11
-1.41756e-11 6.8356e-11
-1.69749e-11 7.44814e-11
-2.00121e-11 8.04924e-11
-2.32826e-11 8.63797e-11
-2.67813e-11 9.21343e-11
-3.05029e-11 9.77474e-11
-3.44416e-11 1.0321e-10
-3.85913e-11 1.08515e-10
-4.29457e-11 1.13652e-10
-4.74982e-11 1.18615e-10
-5.22416e-11 1.23396e-10
-5.71688e-11 1.27988e-10
-6.22721e-11 1.32382e-10
-6.75438e-11 1.36574e-10
-7.29756e-11 1.40555e-10
-7.85593e-11 1.4432e-10
-8.42863e-11 1.47864e-10
-9.01478e-11 1.51181e-10
-9.61347e-11 1.54265e-10
-1.02238e-10 1.57113e-10
-1.08448e-10 1.59719e-10
-1.14756e-10 1.62079e-10
-1.21151e-10 1.64191e-10
-1.27624e-10 1.6605e-10
-1.34165e-10 1.67654e-10
-1.40763e-10 1.69001e-10
-1.4741e-10 1.70088e-10
-1.54094e-10 1.70914e-10
-1.60805e-10 1.71477e-10
-1.67533e-10 1.71776e-10
-1.74268e-10 1.71812e-10
-1.80998e-10 1.71584e-10
-1.87715e-10 1.71092e-10
-1.94408e-10 1.70337e-10
-2.01065e-10 1.69321e-10
-2.07678e-10 1.68044e-10
-2.14235e-10 1.6651e-10
-2.20728e-10 1.64719e-10
-2.27145e-10 1.62675e-10
-2.33477e-10 1.60382e-10
-2.39715e-10 1.57842e-10
-2.45848e-10 1.5506e-10
-2.51867e-10 1.52039e-10
-2.57763e-10 1.48785e-10
-2.63528e-10 1.45302e-10
-2.69151e-10 1.41596e-10
-2.74625e-10 1.37672e-10
-2.79941e-10 1.33537e-10
-2.8509e-10 1.29197e-10
-2.90066e-10 1.24658e-10
-2.9486e-10 1.19928e-10
-2.99465e-10 1.15014e-10
-3.03873e-10 1.09922e-10
-3.08079e-10 1.04662e-10
-3.12076e-10 9.92415e-11
-3.15856e-10 9.36682e-11
-3.19416e-10 8.7951e-11
-3.22749e-10 8.20987e-11
-3.2585e-10 7.61203e-11
-3.28714e-10 7.0025e-11
-3.31337e-10 6.3822e-11
-3.33715e-10 5.75211e-11
-3.35844e-10 5.11318e-11
-3.37721e-10 4.46639e-11
-3.39344e-10 3.81275e-11
-3.40708e-10 3.15325e-11
-3.41814e-10 2.48891e-11
-3.42658e-10 1.82075e-11
-3.4324e-10 1.14979e-11
-3.43558e-10 4.77065e-12
-3.43612e-10 -1.96388e-12
-3.43402e-10 -8.69536e-12
-3.42929e-10 -1.54134e-11
-3.42193e-10 -2.21078e-11
-3.41195e-10 -2.87682e-11
-3.39937e-10 -3.53844e-11
-3.3842e-10 -4.19461e-11
-3.36647e-10 -4.84434e-11
-3.34622e-10 -5.48662e-11
-3.32345e-10 -6.12047e-11
-3.29823e-10 -6.74491e-11
-3.27057e-10 -7.35899e-11
-3.24053e-10 -7.96176e-11
-3.20815e-10 -8.55229e-11
-3.17348e-10 -9.12967e-11
-3.13658e-10 -9.69303e-11
-3.09749e-10 -1.02415e-10
-3.05629e-10 -1.07742e-10
-3.01303e-10 -1.12904e-10
-2.96778e-10 -1.17892e-10
-2.92061e-10 -1.22699e-10
-2.87159e-10 -1.27317e-10
-2.8208e-10 -1.3174e-10
-2.76832e-10 -1.3596e-10
-2.71422e-10 -1.39972e-10
-2.65859e-10 -1.43768e-10
-2.60152e-10 -1.47343e-10
-2.54309e-10 -1.50692e-10
-2.48339e-10 -1.53809e-10
-2.42252e-10 -1.5669e-10
-2.36056e-10 -1.59331e-10
-2.29762e-10 -1.61726e-10
-2.23378e-10 -1.63873e-10
-2.16916e-10 -1.65768e-10
-2.10384e-10 -1.67408e-10
-2.03793e-10 -1.68791e-10
-1.97152e-10 -1.69915e-10
-1.90473e-10 -1.70778e-10
-1.83765e-10 -1.71378e-10
-1.77039e-10 -1.71714e-10
-1.70304e-10 -1.71787e-10
-1.63572e-10 -1.71596e-10
-1.56853e-10 -1.71142e-10
-1.50156e-10 -1.70424e-10
-1.43493e-10 -1.69444e-10
-1.36874e-10 -1.68204e-10
-1.30308e-10 -1.66706e-10
-1.23806e-10 -1.64951e-10
-1.17377e-10 -1.62943e-10
-1.11033e-10 -1.60684e-10
-1.04781e-10 -1.58179e-10
-9.86328e-11 -1.5543e-10
-9.25969e-11 -1.52443e-10
-8.66827e-11 -1.49221e-10
-8.08993e-11 -1.4577e-10
-7.52556e-11 -1.42095e-10
-6.97602e-11 -1.38202e-10
-6.44216e-11 -1.34096e-10
-5.92481e-11 -1.29785e-10
-5.42475e-11 -1.25274e-10
-4.94275e-11 -1.2057e-10
-4.47956e-11 -1.15681e-10
-4.03589e-11 -1.10614e-10
-3.61241e-11 -1.05377e-10
-3.20978e-11 -9.99787e-11
-2.82862e-11 -9.44264e-11
-2.46951e-11 -8.87289e-11
-2.13301e-11 -8.28951e-11
-1.81963e-11 -7.69339e-11
-1.52985e-11 -7.08545e-11
-1.26412e-11 -6.46661e-11
-1.02285e-11 -5.83784e-11
-8.06399e-12 -5.20009e-11
-6.15113e-12 -4.55436e-11
-4.49281e-12 -3.90162e-11
-3.09158e-12 -3.24288e-11
-1.94959e-12 -2.57916e-11
-1.0686e-12 -1.91147e-11
-4.49951e-13 -1.24085e-11
-9.46058e-14 -5.68309e-12
-3.10591e-15 1.05103e-12
-1.75592e-13 7.78357e-12
-6.118e-13 1.45042e-11
-1.31106e-12 2.12025e-11
-2.27229e-12 2.78683e-11
-3.49403e-12 3.44913e-11
-4.97439e-12 4.10613e-11
-6.71109e-12 4.75683e-11
-8.70148e-12 5.40022e-11
-1.09425e-11 6.03532e-11
-1.34307e-11 6.66114e-11
-1.61622e-11 7.27674e-11
-1.91329e-11 7.88115e-11
-2.23382e-11 8.47346e-11
-2.57732e-11 9.05275e-11
-2.94325e-11 9.61813e-11
-3.33106e-11 1.01687e-10
-3.74015e-11 1.07037e-10
-4.1699e-11 1.12223e-10
-4.61964e-11 1.17236e-10
-5.08867e-11 1.22069e-10
-5.57629e-11 1.26714e-10
-6.08174e-11 1.31165e-10
-6.60424e-11 1.35414e-10
-7.143e-11 1.39455e-10
-7.69718e-11 1.43282e-10
-8.26593e-11 1.46889e-10
-8.84838e-11 1.5027e-10
-9.44363e-11 1.5342e-10
-1.00508e-10 1.56335e-10
-1.06689e-10 1.59009e-10
-1.1297e-10 1.61439e-10
-1.19341e-10 1.63621e-10
-1.25793e-10 1.65552e-10
-1.32316e-10 1.67228e-10
-1.389e-10 1.68648e-10
-1.45534e-10 1.69808e-10
-1.52208e-10 1.70707e-10
-1.58913e-10 1.71345e-10
-1.65637e-10 1.71719e-10
-1.72371e-10 1.71829e-10
-1.79104e-10 1.71675e-10
-1.85826e-10 1.71257e-10
-1.92526e-10 1.70576e-10
-1.99194e-10 1.69633e-10
-2.05821e-10 1.6843e-10
-2.12395e-10 1.66968e-10
-2.18906e-10 1.65249e-10
-2.25346e-10 1.63276e-10
-2.31703e-10 1.61053e-10
-2.37968e-10 1.58582e-10
-2.44131e-10 1.55868e-10
-2.50184e-10 1.52914e-10
-2.56116e-10 1.49725e-10
-2.61918e-10 1.46306e-10
-2.67582e-10 1.42662e-10
-2.73099e-10 1.38799e-10
-2.7846e-10 1.34723e-10
-2.83657e-10 1.3044e-10
-2.88683e-10 1.25956e-10
-2.93528e-10 1.21279e-10
-2.98187e-10 1.16416e-10
-3.02652e-10 1.11374e-10
-3.06915e-10 1.0616e-10
-3.10972e-10 1.00784e-10
-3.14814e-10 9.52528e-11
-3.18436e-10 8.95753e-11
-3.21833e-10 8.37602e-11
-3.25e-10 7.78163e-11
-3.27931e-10 7.1753e-11
-3.30623e-10 6.55794e-11
-3.3307e-10 5.93051e-11
-3.3527e-10 5.29397e-11
-3.37218e-10 4.6493e-11
-3.38913e-10 3.99748e-11
-3.4035e-10 3.33953e-11
-3.41529e-10 2.67645e-11
-3.42447e-10 2.00926e-11
-3.43102e-10 1.33899e-11
-3.43495e-10 6.66655e-12
-3.43623e-10 -6.69617e-14
-3.43488e-10 -6.80035e-12
-3.43089e-10 -1.35233e-11
-3.42427e-10 -2.02254e-11
-3.41502e-10 -2.68964e-11
-3.40317e-10 -3.3526e-11
-3.38873e-10 -4.01041e-11
-3.37172e-10 -4.66206e-11
-3.35218e-10 -5.30654e-11
-3.33012e-10 -5.94286e-11
-3.30558e-10 -6.57005e-11
-3.27861e-10 -7.18714e-11
-3.24923e-10 -7.79319e-11
-3.21751e-10 -8.38725e-11
-3.18348e-10 -8.96843e-11
-3.1472e-10 -9.53583e-11
-3.10872e-10 -1.00886e-10
-3.06811e-10 -1.06258e-10
-3.02542e-10 -1.11467e-10
-2.98072e-10 -1.16505e-10
-2.93409e-10 -1.21364e-10
-2.88558e-10 -1.26036e-10
-2.83528e-10 -1.30514e-10
-2.78327e-10 -1.34792e-10
-2.72962e-10 -1.38863e-10
-2.67441e-10 -1.42721e-10
-2.61774e-10 -1.46359e-10
-2.55968e-10 -1.49772e-10
-2.50033e-10 -1.52955e-10
-2.43978e-10 -1.55903e-10
-2.37811e-10 -1.58612e-10
-2.31544e-10 -1.61076e-10
-2.25185e-10 -1.63294e-10
-2.18743e-10 -1.6526e-10
-2.1223e-10 -1.66972e-10
-2.05654e-10 -1.68428e-10
-1.99027e-10 -1.69625e-10
-1.92357e-10 -1.70561e-10
-1.85657e-10 -1.71235e-10
-1.78934e-10 -1.71646e-10
-1.72201e-10 -1.71794e-10
-1.65467e-10 -1.71677e-10
-1.58744e-10 -1.71296e-10
-1.5204e-10 -1.70652e-10
-1.45366e-10 -1.69746e-10
-1.38733e-10 -1.6858e-10
-1.32151e-10 -1.67154e-10
-1.2563e-10 -1.65471e-10
-1.1918e-10 -1.63534e-10
-1.12811e-10 -1.61346e-10
-1.06532e-10 -1.58909e-10
-1.00354e-10 -1.56229e-10
-9.4285e-11 -1.53308e-10
-8.83356e-11 -1.50152e-10
-8.25144e-11 -1.46765e-10
-7.68305e-11 -1.43153e-10
-7.12925e-11 -1.3932e-10
-6.59089e-11 -1.35274e-10
-6.06881e-11 -1.3102e-10
-5.5638e-11 -1.26564e-10
-5.07664e-11 -1.21914e-10
-4.60808e-11 -1.17076e-10
-4.15883e-11 -1.12059e-10
-3.7296e-11 -1.06869e-10
-3.32104e-11 -1.01515e-10
-2.93377e-11 -9.60052e-11
-2.56839e-11 -9.03478e-11
-2.22547e-11 -8.45515e-11
-1.90552e-11 -7.86252e-11
-1.60905e-11 -7.25781e-11
-1.3365e-11 -6.64195e-11
-1.0883e-11 -6.01588e-11
-8.64829e-12 -5.38057e-11
-6.66426e-12 -4.73698e-11
-4.93397e-12 -4.08611e-11
-3.4601e-12 -3.42896e-11
-2.2449e-12 -2.76654e-11
-1.29024e-12 -2.09987e-11
-5.9759e-13 -1.42996e-11
-1.68014e-13 -7.57862e-12
-2.17008e-15 -8.45917e-13
-1.00314e-13 5.88811e-12
-4.62295e-13 1.26131e-11
-1.08756e-12 1.93188e-11
-1.97514e-12 2.59948e-11
-3.12368e-12 3.26309e-11
-4.53141e-12 3.92168e-11
-6.19617e-12 4.57426e-11
-8.1154e-12 5.21981e-11
-1.02861e-11 5.85734e-11
-1.27051e-11 6.48587e-11
-1.53685e-11 7.10444e-11
-1.82723e-11 7.7121e-11
-2.1412e-11 8.30791e-11
-2.47828e-11 8.89096e-11
-2.83795e-11 9.46035e-11
-3.21966e-11 1.00152e-10
-3.62282e-11 1.05547e-10
-4.04681e-11 1.10779e-10
-4.49098e-11 1.15842e-10
-4.95466e-11 1.20726e-10
-5.43712e-11 1.25425e-10
-5.93762e-11 1.29931e-10
-6.4554e-11 1.34238e-10
-6.98966e-11 1.38338e-10
-7.53958e-11 1.42226e-10
-8.10432e-11 1.45896e-10
-8.683e-11 1.49341e-10
-9.27474e-11 1.52557e-10
-9.87862e-11 1.55538e-10
-1.04937e-10 1.58281e-10
-1.11191e-10 1.6078e-10
-1.17538e-10 1.63032e-10
-1.23968e-10 1.65034e-10
-1.30472e-10 1.66782e-10
-1.3704e-10 1.68274e-10
-1.43661e-10 1.69508e-10
-1.50325e-10 1.70481e-10
-1.57022e-10 1.71192e-10
-1.63742e-10 1.7164e-10
-1.70474e-10 1.71824e-10
-1.77208e-10 1.71745e-10
-1.83934e-10 1.71401e-10
-1.90641e-10 1.70795e-10
-1.9732e-10 1.69925e-10
-2.03959e-10 1.68795e-10
-2.10549e-10 1.67406e-10
-2.17079e-10 1.65759e-10
-2.2354e-10 1.63858e-10
-2.29921e-10 1.61704e-10
-2.36213e-10 1.59303e-10
-2.42406e-10 1.56657e-10
-2.48491e-10 1.5377e-10
-2.54458e-10 1.50646e-10
-2.60297e-10 1.47292e-10
-2.66001e-10 1.43711e-10
-2.7156e-10 1.39909e-10
-2.76966e-10 1.35892e-10
-2.8221e-10 1.31667e-10
-2.87285e-10 1.27239e-10
-2.92182e-10 1.22616e-10
-2.96894e-10 1.17804e-10
-3.01414e-10 1.12811e-10
-3.05735e-10 1.07646e-10
-3.0985e-10 1.02314e-10
-3.13754e-10 9.68259e-11
-3.17438e-10 9.11887e-11
-3.209e-10 8.54114e-11
-3.24132e-10 7.95029e-11
-3.2713e-10 7.34723e-11
-3.29889e-10 6.73288e-11
-3.32406e-10 6.10819e-11
-3.34676e-10 5.47412e-11
-3.36695e-10 4.83163e-11
-3.38461e-10 4.18173e-11
-3.39971e-10 3.52541e-11
-3.41223e-10 2.86367e-11
-3.42215e-10 2.19753e-11
-3.42944e-10 1.52802e-11
-3.43411e-10 8.56165e-12
-3.43614e-10 1.82996e-12
-3.43553e-10 -4.90451e-12
-3.43228e-10 -1.16314e-11
-3.4264e-10 -1.83404e-11
-3.41789e-10 -2.50212e-11
-3.40677e-10 -3.16635e-11
-3.39306e-10 -3.82572e-11
-3.37677e-10 -4.4792e-11
-3.35794e-10 -5.1258e-11
-3.33658e-10 -5.76452e-11
-3.31274e-10 -6.39438e-11
-3.28645e-10 -7.01441e-11
-3.25775e-10 -7.62366e-11
-3.22668e-10 -8.2212e-11
-3.19329e-10 -8.8061e-11
-3.15764e-10 -9.37747e-11
-3.11978e-10 -9.93442e-11
-3.07976e-10 -1.04761e-10
-3.03765e-10 -1.10017e-10
-2.99351e-10 -1.15104e-10
-2.94741e-10 -1.20014e-10
-2.89943e-10 -1.24739e-10
-2.84963e-10 -1.29273e-10
-2.79809e-10 -1.33608e-10
-2.74489e-10 -1.37738e-10
-2.69011e-10 -1.41656e-10
-2.63384e-10 -1.45357e-10
-2.57617e-10 -1.48834e-10
-2.51717e-10 -1.52082e-10
-2.45695e-10 -1.55097e-10
-2.39559e-10 -1.57873e-10
-2.33319e-10 -1.60407e-10
-2.26984e-10 -1.62694e-10
-2.20565e-10 -1.64732e-10
-2.14071e-10 -1.66516e-10
-2.07512e-10 -1.68044e-10
-2.00898e-10 -1.69314e-10
-1.9424e-10 -1.70324e-10
-1.87546e-10 -1.71072e-10
-1.80829e-10 -1.71557e-10
-1.74098e-10 -1.71779e-10
-1.67364e-10 -1.71736e-10
-1.60636e-10 -1.7143e-10
-1.53925e-10 -1.7086e-10
-1.47242e-10 -1.70028e-10
-1.40597e-10 -1.68935e-10
-1.33999e-10 -1.67581e-10
-1.2746e-10 -1.65971e-10
-1.20989e-10 -1.64105e-10
-1.14596e-10 -1.61987e-10
-1.08291e-10 -1.5962e-10
-1.02083e-10 -1.57008e-10
-9.59826e-11 -1.54155e-10
-8.99987e-11 -1.51065e-10
-8.41405e-11 -1.47742e-10
-7.8417e-11 -1.44193e-10
-7.2837e-11 -1.40422e-10
-6.74091e-11 -1.36435e-10
-6.21416e-11 -1.32239e-10
-5.70426e-11 -1.27839e-10
-5.212e-11 -1.23243e-10
-4.73812e-11 -1.18457e-10
-4.28337e-11 -1.1349e-10
-3.84843e-11 -1.08348e-10
-3.43398e-11 -1.03039e-10
-3.04065e-11 -9.75724e-11
-2.66905e-11 -9.19556e-11
-2.31975e-11 -8.61975e-11
-1.99328e-11 -8.0307e-11
-1.69015e-11 -7.4293e-11
-1.41082e-11 -6.81648e-11
-1.15572e-11 -6.19319e-11
-9.25249e-12 -5.56038e-11
-7.19751e-12 -4.91902e-11
-5.39548e-12 -4.27011e-11
-3.84914e-12 -3.61462e-11
-2.56087e-12 -2.95359e-11
-1.53267e-12 -2.28801e-11
-7.661e-13 -1.61891e-11
-2.62345e-13 -9.47322e-12
-2.21779e-14 -2.74276e-12
-4.59678e-14 3.99194e-12
-3.33678e-13 1.07205e-11
-8.84867e-13 1.74327e-11
-1.69869e-12 2.41181e-11
-2.77389e-12 3.07664e-11
-4.10882e-12 3.73676e-11
-5.70143e-12 4.39113e-11
-7.54927e-12 5.03876e-11
-9.6495e-12 5.67865e-11
-1.19989e-11 6.30981e-11
-1.45938e-11 6.93129e-11
-1.74304e-11 7.54211e-11
-2.05041e-11 8.14136e-11
-2.38103e-11 8.72809e-11
-2.73439e-11 9.30142e-11
-3.10995e-11 9.86045e-11
-3.50713e-11 1.04043e-10
-3.92532e-11 1.09322e-10
-4.36388e-11 1.14434e-10
-4.82213e-11 1.19369e-10
-5.29938e-11 1.24121e-10
-5.79487e-11 1.28682e-10
-6.30787e-11 1.33046e-10
-6.83757e-11 1.37205e-10
-7.38316e-11 1.41153e-10
-7.94381e-11 1.44885e-10
-8.51865e-11 1.48394e-10
-9.10681e-11 1.51674e-10
-9.70736e-11 1.54722e-10
-1.03194e-10 1.57533e-10
-1.0942e-10 1.60101e-10
-1.15742e-10 1.62423e-10
-1.2215e-10 1.64496e-10
-1.28634e-10 1.66316e-10
-1.35184e-10 1.6788e-10
-1.41791e-10 1.69186e-10
-1.48444e-10 1.70233e-10
-1.55133e-10 1.71018e-10
-1.61847e-10 1.7154e-10
-1.68577e-10 1.71799e-10
-1.75312e-10 1.71794e-10
-1.82041e-10 1.71525e-10
-1.88755e-10 1.70992e-10
-1.95442e-10 1.70197e-10
-2.02094e-10 1.6914e-10
-2.08698e-10 1.67823e-10
-2.15247e-10 1.66249e-10
-2.21728e-10 1.64419e-10
-2.28133e-10 1.62336e-10
-2.34451e-10 1.60004e-10
-2.40673e-10 1.57426e-10
-2.46789e-10 1.54607e-10
-2.5279e-10 1.5155e-10
-2.58666e-10 1.4826e-10
-2.64409e-10 1.44742e-10
-2.7001e-10 1.41002e-10
-2.7546e-10 1.37045e-10
-2.8075e-10 1.32878e-10
-2.85873e-10 1.28506e-10
-2.90821e-10 1.23937e-10
-2.95586e-10 1.19178e-10
-3.00161e-10 1.14236e-10
-3.04539e-10 1.09118e-10
-3.08713e-10 1.03832e-10
-3.12676e-10 9.83871e-11
-3.16423e-10 9.27909e-11
-3.19948e-10 8.70522e-11
-3.23245e-10 8.11798e-11
-3.26309e-10 7.51826e-11
-3.29136e-10 6.907e-11
-3.31722e-10 6.28512e-11
-3.34061e-10 5.6536e-11
-3.36152e-10 5.01338e-11
-3.3799e-10 4.36547e-11
-3.39572e-10 3.71085e-11
-3.40897e-10 3.05053e-11
-3.41962e-10 2.38553e-11
-3.42765e-10 1.71687e-11
-3.43306e-10 1.04557e-11
-3.43583e-10 3.72667e-12
-3.43597e-10 -3.00807e-12
-3.43346e-10 -9.73815e-12
-3.42832e-10 -1.64532e-11
-3.42055e-10 -2.3143e-11
-3.41017e-10 -2.97972e-11
-3.39718e-10 -3.64056e-11
-3.38162e-10 -4.2958e-11
-3.3635e-10 -4.94444e-11
-3.34285e-10 -5.58548e-11
-3.3197e-10 -6.21793e-11
-3.2941e-10 -6.84083e-11
-3.26607e-10 -7.45321e-11
-3.23566e-10 -8.05414e-11
-3.20293e-10 -8.64269e-11
-3.16791e-10 -9.21796e-11
-3.13066e-10 -9.77906e-11
-3.09124e-10 -1.03251e-10
-3.04972e-10 -1.08553e-10
-3.00614e-10 -1.13689e-10
-2.96059e-10 -1.18649e-10
-2.91313e-10 -1.23427e-10
-2.86383e-10 -1.28016e-10
-2.81278e-10 -1.32408e-10
-2.76004e-10 -1.36596e-10
-2.70569e-10 -1.40574e-10
-2.64984e-10 -1.44337e-10
-2.59255e-10 -1.47877e-10
-2.53391e-10 -1.51191e-10
-2.47403e-10 -1.54272e-10
-2.41298e-10 -1.57116e-10
-2.35086e-10 -1.59718e-10
-2.28778e-10 -1.62075e-10
-2.22381e-10 -1.64183e-10
-2.15907e-10 -1.66039e-10
-2.09365e-10 -1.6764e-10
-2.02766e-10 -1.68983e-10
-1.96119e-10 -1.70066e-10
-1.89434e-10 -1.70888e-10
-1.82723e-10 -1.71447e-10
-1.75995e-10 -1.71743e-10
-1.6926e-10 -1.71775e-10
-1.62529e-10 -1.71543e-10
-1.55813e-10 -1.71047e-10
-1.49121e-10 -1.70289e-10
-1.42464e-10 -1.69269e-10
-1.35852e-10 -1.67989e-10
-1.29295e-10 -1.6645e-10
-1.22804e-10 -1.64656e-10
-1.16388e-10 -1.62609e-10
-1.10057e-10 -1.60312e-10
-1.03821e-10 -1.57769e-10
-9.76894e-11 -1.54983e-10
-9.16717e-11 -1.51959e-10
-8.57772e-11 -1.48701e-10
-8.00148e-11 -1.45215e-10
-7.43936e-11 -1.41506e-10
-6.8922e-11 -1.37579e-10
-6.36085e-11 -1.33441e-10
-5.84612e-11 -1.29098e-10
-5.34881e-11 -1.24557e-10
-4.86969e-11 -1.19824e-10
-4.40947e-11 -1.14907e-10
-3.96889e-11 -1.09813e-10
-3.5486e-11 -1.04551e-10
-3.14926e-11 -9.91276e-11
-2.77148e-11 -9.35522e-11
-2.41584e-11 -8.78331e-11
-2.08289e-11 -8.19789e-11
-1.77314e-11 -7.59988e-11
-1.48706e-11 -6.99018e-11
-1.2251e-11 -6.36975e-11
-9.8765e-12 -5.73952e-11
-7.75084e-12 -5.10047e-11
-5.87726e-12 -4.45358e-11
-4.25865e-12 -3.79985e-11
-2.89748e-12 -3.14027e-11
-1.79586e-12 -2.47587e-11
-9.55461e-13 -1.80766e-11
-3.77588e-13 -1.13667e-11
-6.3127e-14 -4.63927e-12
-1.25597e-14 2.09529e-12
-2.25964e-13 8.82665e-12
-7.03013e-13 1.55445e-11
-1.44297e-12 2.22384e-11
-2.44471e-12 2.88983e-11
-3.70667e-12 3.55137e-11
-5.22694e-12 4.20746e-11
-7.00316e-12 4.85709e-11
-9.03262e-12 5.49926e-11
-1.13122e-11 6.13298e-11
-1.38384e-11 6.75729e-11
-1.66073e-11 7.37121e-11
-1.96146e-11 7.9738e-11
-2.28559e-11 8.56415e-11
-2.6326e-11 9.14135e-11
-3.00196e-11 9.7045e-11
-3.39311e-11 1.02527e-10
-3.80545e-11 1.07852e-10
-4.23834e-11 1.13012e-10
-4.69111e-11 1.17997e-10
-5.16308e-11 1.22801e-10
-5.65351e-11 1.27417e-10
-6.16166e-11 1.31837e-10
-6.68674e-11 1.36054e-10
-7.22794e-11 1.40063e-10
-7.78443e-11 1.43856e-10
-8.35536e-11 1.47428e-10
-8.93986e-11 1.50774e-10
-9.53702e-11 1.53888e-10
-1.01459e-10 1.56765e-10
-1.07656e-10 1.59402e-10
-1.13952e-10 1.61794e-10
-1.20337e-10 1.63937e-10
-1.268e-10 1.65829e-10
-1.33333e-10 1.67465e-10
-1.39925e-10 1.68845e-10
-1.46566e-10 1.69965e-10
-1.53246e-10 1.70823e-10
-1.59954e-10 1.7142e-10
