7.07324e-19 6.73533e-15
-1.64193e-13 6.73939e-12
-6.57467e-13 1.3456e-11
-1.47864e-12 2.01404e-11
-2.62575e-12 2.67766e-11
-4.09604e-12 3.33488e-11
-5.88601e-12 3.98413e-11
-7.99136e-12 4.62384e-11
-1.04071e-11 5.25249e-11
-1.31273e-11 5.86857e-11
-1.61456e-11 6.47061e-11
-1.94548e-11 7.05717e-11
-2.30468e-11 7.62684e-11
-2.69132e-11 8.17827e-11
-3.10446e-11 8.71012e-11
-3.54312e-11 9.22113e-11
-4.00625e-11 9.71008e-11
-4.49274e-11 1.01758e-10
-5.00142e-11 1.06172e-10
-5.53108e-11 1.10331e-10
-6.08044e-11 1.14227e-10
-6.64821e-11 1.17849e-10
-7.233e-11 1.21189e-10
-7.83344e-11 1.24239e-10
-8.44807e-11 1.26992e-10
-9.07543e-11 1.29441e-10
-9.71402e-11 1.3158e-10
-1.03623e-10 1.33405e-10
-1.10187e-10 1.3491e-10
-1.16817e-10 1.36092e-10
-1.23497e-10 1.36948e-10
-1.30211e-10 1.37477e-10
-1.36943e-10 1.37677e-10
-1.43676e-10 1.37548e-10
-1.50395e-10 1.37089e-10
-1.57084e-10 1.36302e-10
-1.63726e-10 1.35189e-10
-1.70306e-10 1.33752e-10
-1.76807e-10 1.31996e-10
-1.83215e-10 1.29923e-10
-1.89514e-10 1.2754e-10
-1.95689e-10 1.24851e-10
-2.01724e-10 1.21864e-10
-2.07607e-10 1.18585e-10
-2.13322e-10 1.15022e-10
-2.18856e-10 1.11184e-10
-2.24196e-10 1.0708e-10
-2.29328e-10 1.0272e-10
-2.34242e-10 9.8114e-11
-2.38924e-10 9.32731e-11
-2.43363e-10 8.8209e-11
-2.4755e-10 8.29339e-11
-2.51474e-10 7.74603e-11
-2.55125e-10 7.18014e-11
-2.58495e-10 6.59706e-11
-2.61576e-10 5.9982e-11
-2.64361e-10 5.38499e-11
-2.66842e-10 4.7589e-11
-2.69014e-10 4.12142e-11
-2.70871e-10 3.47408e-11
-2.7241e-10 2.81843e-11
-2.73626e-10 2.15604e-11
-2.74517e-10 1.48849e-11
-2.75081e-10 8.17382e-12
-2.75315e-10 1.44325e-12
-2.7522e-10 -5.29074e-12
-2.74796e-10 -1.2012e-11
-2.74043e-10 -1.87045e-11
-2.72965e-10 -2.53522e-11
-2.71562e-10 -3.19392e-11
-2.69839e-10 -3.84496e-11
-2.67799e-10 -4.48681e-11
-2.65448e-10 -5.1179e-11
-2.62791e-10 -5.73675e-11
-2.59835e-10 -6.34186e-11
-2.56586e-10 -6.93179e-11
-2.53053e-10 -7.50512e-11
-2.49243e-10 -8.06049e-11
-2.45167e-10 -8.59656e-11
-2.40833e-10 -9.11205e-11
-2.36252e-10 -9.60573e-11
-2.31435e-10 -1.00764e-10
-2.26394e-10 -1.0523e-10
-2.21141e-10 -1.09444e-10
-2.15687e-10 -1.13395e-10
-2.10047e-10 -1.17076e-10
-2.04234e-10 -1.20476e-10
-1.98261e-10 -1.23587e-10
-1.92143e-10 -1.26403e-10
-1.85895e-10 -1.28917e-10
-1.79532e-10 -1.31121e-10
-1.73068e-10 -1.33012e-10
-1.6652e-10 -1.34585e-10
-1.59902e-10 -1.35835e-10
-1.53231e-10 -1.3676e-10
-1.46523e-10 -1.37358e-10
-1.39794e-10 -1.37627e-10
-1.33059e-10 -1.37566e-10
-1.26336e-10 -1.37177e-10
-1.1964e-10 -1.36459e-10
-1.12987e-10 -1.35414e-10
-1.06393e-10 -1.34045e-10
-9.98733e-11 -1.32355e-10
-9.34445e-11 -1.30349e-10
-8.71215e-11 -1.2803e-10
-8.09195e-11 -1.25405e-10
-7.48533e-11 -1.2248e-10
-6.89374e-11 -1.19262e-10
-6.3186e-11 -1.15758e-10
-5.76128e-11 -1.11977e-10
-5.22312e-11 -1.07928e-10
-4.70541e-11 -1.03621e-10
-4.20938e-11 -9.90654e-11
-3.73623e-11 -9.42729e-11
-3.28708e-11 -8.92547e-11
-2.86301e-11 -8.40229e-11
-2.46504e-11 -7.85899e-11
-2.09412e-11 -7.29687e-11
-1.75113e-11 -6.71729e-11
-1.43689e-11 -6.12163e-11
-1.15217e-11 -5.51131e-11
-8.9763e-12 -4.8878e-11
-6.73893e-12 -4.25259e-11
-4.8149e-12 -3.60719e-11
-3.20882e-12 -2.95315e-11
-1.92454e-12 -2.29205e-11
-9.65122e-13 -1.62545e-11
-3.32868e-13 -9.54959e-12
-2.92889e-14 -2.82178e-12
-5.51128e-14 3.91283e-12
-4.10278e-13 1.06381e-11
-1.09393e-12 1.7338e-11
-2.10444e-12 2.39964e-11
-3.43939e-12 3.05974e-11
-5.09558e-12 3.71253e-11
-7.06904e-12 4.35643e-11
-9.35506e-12 4.98991e-11
-1.19482e-11 5.61145e-11
-1.48421e-11 6.21957e-11
-1.80301e-11 6.8128e-11
-2.15043e-11 7.38974e-11
-2.52566e-11 7.94899e-11
-2.92778e-11 8.48922e-11
-3.35585e-11 9.00914e-11
-3.80884e-11 9.5075e-11
-4.28565e-11 9.9831e-11
-4.78516e-11 1.04348e-10
-5.30616e-11 1.08616e-10
-5.8474e-11 1.12623e-10
-6.4076e-11 1.16361e-10
-6.98541e-11 1.19821e-10
-7.57945e-11 1.22994e-10
-8.1883e-11 1.25873e-10
-8.8105e-11 1.2845e-10
-9.44455e-11 1.3072e-10
-1.0089e-10 1.32677e-10
-1.07422e-10 1.34317e-10
-1.14026e-10 1.35635e-10
-1.20687e-10 1.36629e-10
-1.27388e-10 1.37295e-10
-1.34115e-10 1.37633e-10
-1.40849e-10 1.37642e-10
-1.47576e-10 1.37322e-10
-1.5428e-10 1.36672e-10
-1.60943e-10 1.35696e-10
-1.67551e-10 1.34395e-10
-1.74087e-10 1.32772e-10
-1.80536e-10 1.30832e-10
-1.86883e-10 1.28579e-10
-1.93111e-10 1.26017e-10
-1.99207e-10 1.23155e-10
-2.05156e-10 1.19997e-10
-2.10943e-10 1.16553e-10
-2.16555e-10 1.12829e-10
-2.21978e-10 1.08836e-10
-2.27199e-10 1.04582e-10
-2.32206e-10 1.00078e-10
-2.36986e-10 9.5334e-11
-2.41529e-10 9.03623e-11
-2.45823e-10 8.51743e-11
-2.49858e-10 7.97824e-11
-2.53625e-10 7.41997e-11
-2.57115e-10 6.84395e-11
-2.60318e-10 6.25154e-11
-2.63228e-10 5.64418e-11
-2.65837e-10 5.02332e-11
-2.6814e-10 4.39044e-11
-2.7013e-10 3.74705e-11
-2.71803e-10 3.0947e-11
-2.73155e-10 2.43495e-11
-2.74183e-10 1.76937e-11
-2.74884e-10 1.09956e-11
-2.75257e-10 4.27131e-12
-2.753e-10 -2.46321e-12
-2.75014e-10 -9.19179e-12
-2.74399e-10 -1.58983e-11
-2.73457e-10 -2.25668e-11
-2.7219e-10 -2.91812e-11
-2.70601e-10 -3.57257e-11
-2.68694e-10 -4.21846e-11
-2.66473e-10 -4.85426e-11
-2.63944e-10 -5.47843e-11
-2.61113e-10 -6.08949e-11
-2.57986e-10 -6.68597e-11
-2.54571e-10 -7.26644e-11
-2.50876e-10 -7.82952e-11
-2.46911e-10 -8.37385e-11
-2.42684e-10 -8.89814e-11
-2.38205e-10 -9.40113e-11
-2.33486e-10 -9.88161e-11
-2.28538e-10 -1.03384e-10
-2.23372e-10 -1.07705e-10
-2.18001e-10 -1.11768e-10
-2.12438e-10 -1.15564e-10
-2.06696e-10 -1.19082e-10
-2.00788e-10 -1.22316e-10
-1.9473e-10 -1.25257e-10
-1.88534e-10 -1.27898e-10
-1.82217e-10 -1.30233e-10
-1.75794e-10 -1.32257e-10
-1.69279e-10 -1.33963e-10
-1.62689e-10 -1.35349e-10
-1.56038e-10 -1.36411e-10
-1.49344e-10 -1.37147e-10
-1.42621e-10 -1.37554e-10
-1.35887e-10 -1.37632e-10
-1.29157e-10 -1.3738e-10
-1.22448e-10 -1.368e-10
-1.15775e-10 -1.35892e-10
-1.09154e-10 -1.34659e-10
-1.02601e-10 -1.33104e-10
-9.61324e-11 -1.3123e-10
-8.97632e-11 -1.29042e-10
-8.35085e-11 -1.26545e-10
-7.73835e-11 -1.23745e-10
-7.14027e-11 -1.20649e-10
-6.55805e-11 -1.17264e-10
-5.99308e-11 -1.13598e-10
-5.44672e-11 -1.09661e-10
-4.92027e-11 -1.05461e-10
-4.41499e-11 -1.01008e-10
-3.93209e-11 -9.63138e-11
-3.47272e-11 -9.1389e-11
-3.03799e-11 -8.62454e-11
-2.62894e-11 -8.08953e-11
-2.24654e-11 -7.53516e-11
-1.89172e-11 -6.96275e-11
-1.56531e-11 -6.37367e-11
-1.26811e-11 -5.76933e-11
-1.00081e-11 -5.15118e-11
-7.64071e-12 -4.52069e-11
-5.58448e-12 -3.87939e-11
-3.84436e-12 -3.22879e-11
-2.42451e-12 -2.57046e-11
-1.32833e-12 -1.90598e-11
-5.5844e-13 -1.23692e-11
-1.1669e-13 -5.64909e-12
-4.13248e-15 1.08463e-12
-2.21038e-13 7.81579e-12
-7.66888e-13 1.45283e-11
-1.64037e-12 2.12061e-11
-2.83941e-12 2.78331e-11
-4.36112e-12 3.43936e-11
-6.20187e-12 4.08718e-11
-8.35724e-12 4.72523e-11
-1.08221e-11 5.35197e-11
-1.35905e-11 5.9659e-11
-1.66559e-11 6.56556e-11
-2.00108e-11 7.14951e-11
-2.36474e-11 7.71635e-11
-2.75568e-11 8.26473e-11
-3.17298e-11 8.79334e-11
-3.61563e-11 9.3009e-11
-4.08257e-11 9.7862e-11
-4.57268e-11 1.02481e-10
-5.08481e-11 1.06855e-10
-5.6177e-11 1.10973e-10
-6.17011e-11 1.14825e-10
-6.74069e-11 1.18403e-10
-7.32808e-11 1.21697e-10
-7.93089e-11 1.247e-10
-8.54766e-11 1.27405e-10
-9.17691e-11 1.29804e-10
-9.81716e-11 1.31893e-10
-1.04669e-10 1.33667e-10
-1.11244e-10 1.35121e-10
-1.17884e-10 1.36251e-10
-1.2457e-10 1.37055e-10
-1.31288e-10 1.37531e-10
-1.38021e-10 1.37679e-10
-1.44753e-10 1.37496e-10
-1.51468e-10 1.36985e-10
-1.5815e-10 1.36146e-10
-1.64784e-10 1.34981e-10
-1.71352e-10 1.33493e-10
-1.77839e-10 1.31685e-10
-1.84231e-10 1.29563e-10
-1.90511e-10 1.2713e-10
-1.96664e-10 1.24393e-10
-2.02677e-10 1.21359e-10
-2.08533e-10 1.18034e-10
-2.1422e-10 1.14426e-10
-2.19724e-10 1.10545e-10
-2.25031e-10 1.064e-10
-2.3013e-10 1.01999e-10
-2.35007e-10 9.73547e-11
-2.39651e-10 9.24774e-11
-2.44051e-10 8.73787e-11
-2.48196e-10 8.20709e-11
-2.52077e-10 7.65668e-11
-2.55683e-10 7.08794e-11
-2.59008e-10 6.50225e-11
-2.62042e-10 5.90099e-11
-2.64778e-10 5.28562e-11
-2.6721e-10 4.6576e-11
-2.69332e-10 4.01844e-11
-2.71139e-10 3.36967e-11
-2.72627e-10 2.71283e-11
-2.73791e-10 2.04951e-11
-2.7463e-10 1.38128e-11
-2.7514e-10 7.09758e-12
-2.75322e-10 3.6537e-13
-2.75174e-10 -6.36767e-12
-2.74697e-10 -1.30854e-11
-2.73893e-10 -1.97718e-11
-2.72762e-10 -2.64108e-11
-2.71307e-10 -3.29866e-11
-2.69533e-10 -3.94834e-11
-2.67444e-10 -4.58857e-11
-2.65043e-10 -5.2178e-11
-2.62338e-10 -5.83455e-11
-2.59335e-10 -6.43733e-11
-2.5604e-10 -7.02469e-11
-2.52462e-10 -7.59524e-11
-2.48609e-10 -8.14761e-11
-2.4449e-10 -8.68047e-11
-2.40116e-10 -9.19256e-11
-2.35497e-10 -9.68263e-11
-2.30643e-10 -1.01495e-10
-2.25567e-10 -1.05921e-10
-2.20281e-10 -1.10094e-10
-2.14797e-10 -1.14003e-10
-2.09128e-10 -1.17639e-10
-2.03288e-10 -1.20993e-10
-1.97292e-10 -1.24058e-10
-1.91152e-10 -1.26826e-10
-1.84884e-10 -1.2929e-10
-1.78504e-10 -1.31445e-10
-1.72025e-10 -1.33285e-10
-1.65465e-10 -1.34806e-10
-1.58838e-10 -1.36005e-10
-1.5216e-10 -1.36878e-10
-1.45447e-10 -1.37423e-10
-1.38716e-10 -1.37639e-10
-1.31982e-10 -1.37526e-10
-1.25262e-10 -1.37084e-10
-1.18572e-10 -1.36313e-10
-1.11927e-10 -1.35217e-10
-1.05344e-10 -1.33796e-10
-9.8838e-11 -1.32056e-10
-9.24251e-11 -1.29999e-10
-8.61204e-11 -1.27631e-10
-7.99392e-11 -1.24957e-10
-7.3896e-11 -1.21985e-10
-6.80055e-11 -1.1872e-10
-6.22817e-11 -1.15171e-10
-5.67383e-11 -1.11347e-10
-5.13886e-11 -1.07256e-10
-4.62454e-11 -1.02908e-10
-4.13209e-11 -9.83141e-11
-3.66271e-11 -9.34847e-11
-3.2175e-11 -8.84315e-11
-2.79754e-11 -8.31666e-11
-2.40384e-11 -7.77026e-11
-2.03732e-11 -7.20526e-11
-1.69888e-11 -6.62301e-11
-1.38932e-11 -6.02491e-11
-1.10938e-11 -5.41238e-11
-8.59739e-12 -4.78689e-11
-6.40982e-12 -4.14994e-11
-4.53639e-12 -3.50306e-11
-2.98157e-12 -2.84779e-11
-1.74909e-12 -2.1857e-11
-8.419e-13 -1.51837e-11
-2.62164e-13 -8.47401e-12
-1.12738e-14 -1.74403e-12
-8.98291e-14 4.99017e-12
-4.97642e-13 1.17125e-11
-1.23374e-12 1.84068e-11
-2.29635e-12 2.50571e-11
-3.68294e-12 3.16475e-11
-5.39019e-12 3.81621e-11
-7.41402e-12 4.45855e-11
-9.74957e-12 5.09022e-11
-1.23913e-11 5.70971e-11
-1.53328e-11 6.31555e-11
-1.8567e-11 6.90627e-11
-2.20864e-11 7.48046e-11
-2.58823e-11 8.03676e-11
-2.99457e-11 8.57382e-11
-3.4267e-11 9.09037e-11
-3.88357e-11 9.58517e-11
-4.3641e-11 1.0057e-10
-4.86712e-11 1.05048e-10
-5.39145e-11 1.09275e-10
-5.93582e-11 1.1324e-10
-6.49893e-11 1.16934e-10
-7.07943e-11 1.20348e-10
-7.67593e-11 1.23475e-10
-8.28702e-11 1.26305e-10
-8.91121e-11 1.28834e-10
-9.54703e-11 1.31054e-10
-1.01929e-10 1.32961e-10
-1.08474e-10 1.34549e-10
-1.15089e-10 1.35816e-10
-1.21757e-10 1.36757e-10
-1.28464e-10 1.37371e-10
-1.35192e-10 1.37657e-10
-1.41927e-10 1.37613e-10
-1.48651e-10 1.3724e-10
-1.55349e-10 1.36538e-10
-1.62005e-10 1.3551e-10
-1.68602e-10 1.34157e-10
-1.75126e-10 1.32483e-10
-1.81559e-10 1.30492e-10
-1.87888e-10 1.28189e-10
-1.94096e-10 1.25579e-10
-2.0017e-10 1.22669e-10
-2.06093e-10 1.19465e-10
-2.11853e-10 1.15975e-10
-2.17436e-10 1.12208e-10
-2.22827e-10 1.08172e-10
-2.28015e-10 1.03878e-10
-2.32986e-10 9.93343e-11
-2.37729e-10 9.45534e-11
-2.42233e-10 8.95462e-11
-2.46487e-10 8.43247e-11
-2.5048e-10 7.89015e-11
-2.54203e-10 7.32894e-11
-2.57647e-10 6.7502e-11
-2.60804e-10 6.15531e-11
-2.63666e-10 5.54569e-11
-2.66226e-10 4.9228e-11
-2.68479e-10 4.28814e-11
-2.70419e-10 3.64321e-11
-2.72041e-10 2.98957e-11
-2.73341e-10 2.32878e-11
-2.74317e-10 1.66242e-11
-2.74966e-10 9.92085e-12
-2.75286e-10 3.1938e-12
-2.75276e-10 -3.54085e-12
-2.74938e-10 -1.0267e-11
-2.7427e-10 -1.69685e-11
-2.73276e-10 -2.36294e-11
-2.71957e-10 -3.02336e-11
-2.70317e-10 -3.67655e-11
-2.68359e-10 -4.32093e-11
-2.66089e-10 -4.95497e-11
-2.63511e-10 -5.57714e-11
-2.60632e-10 -6.18597e-11
-2.57459e-10 -6.77998e-11
-2.53998e-10 -7.35776e-11
-2.5026e-10 -7.91793e-11
-2.46252e-10 -8.45914e-11
-2.41984e-10 -8.9801e-11
-2.37466e-10 -9.47957e-11
-2.3271e-10 -9.95634e-11
-2.27726e-10 -1.04093e-10
-2.22526e-10 -1.08373e-10
-2.17123e-10 -1.12394e-10
-2.11531e-10 -1.16146e-10
-2.05761e-10 -1.19619e-10
-1.99828e-10 -1.22807e-10
-1.93747e-10 -1.257e-10
-1.87531e-10 -1.28293e-10
-1.81196e-10 -1.30578e-10
-1.74757e-10 -1.32551e-10
-1.68229e-10 -1.34207e-10
-1.61628e-10 -1.35541e-10
-1.54969e-10 -1.36551e-10
-1.48269e-10 -1.37234e-10
-1.41544e-10 -1.37589e-10
-1.3481e-10 -1.37614e-10
-1.28082e-10 -1.3731e-10
-1.21377e-10 -1.36677e-10
-1.14711e-10 -1.35717e-10
-1.081e-10 -1.34432e-10
-1.0156e-10 -1.32825e-10
-9.5106e-11 -1.30901e-10
-8.87541e-11 -1.28663e-10
-8.25192e-11 -1.26117e-10
-7.64163e-11 -1.23269e-10
-7.04599e-11 -1.20126e-10
-6.46644e-11 -1.16696e-10
-5.90436e-11 -1.12986e-10
-5.3611e-11 -1.09006e-10
-4.83795e-11 -1.04765e-10
-4.33617e-11 -1.00273e-10
-3.85696e-11 -9.55409e-11
-3.40147e-11 -9.05802e-11
-2.97078e-11 -8.54027e-11
-2.56593e-11 -8.00208e-11
-2.18788e-11 -7.44473e-11
-1.83755e-11 -6.86956e-11
-1.51577e-11 -6.27794e-11
-1.2233e-11 -5.67129e-11
-9.60856e-12 -5.05107e-11
-7.29058e-12 -4.41875e-11
-5.28463e-12 -3.77585e-11
-3.59551e-12 -3.12391e-11
-2.22725e-12 -2.46449e-11
-1.18313e-12 -1.79917e-11
-4.65652e-13 -1.12954e-11
-7.65339e-14 -4.57194e-12
-1.67054e-14 2.16245e-12
-2.8631e-13 8.89171e-12
-8.84702e-13 1.55997e-11
-1.81045e-12 2.22705e-11
-3.06134e-12 2.88879e-11
-4.63437e-12 3.54363e-11
-6.52578e-12 4.18999e-11
-8.73105e-12 4.82633e-11
-1.12449e-11 5.45112e-11
-1.40613e-11 6.06286e-11
-1.71735e-11 6.66011e-11
-2.05741e-11 7.24141e-11
-2.42549e-11 7.80539e-11
-2.82072e-11 8.35069e-11
-3.24214e-11 8.87601e-11
-3.68875e-11 9.38009e-11
-4.15948e-11 9.86173e-11
-4.6532e-11 1.03198e-10
-5.16873e-11 1.07531e-10
-5.70483e-11 1.11607e-10
-6.26023e-11 1.15416e-10
-6.8336e-11 1.18949e-10
-7.42355e-11 1.22197e-10
-8.02869e-11 1.25153e-10
-8.64756e-11 1.27809e-10
-9.27868e-11 1.3016e-10
-9.92054e-11 1.32199e-10
-1.05716e-10 1.33921e-10
-1.12303e-10 1.35323e-10
-1.18951e-10 1.36402e-10
-1.25643e-10 1.37153e-10
-1.32365e-10 1.37577e-10
-1.39099e-10 1.37672e-10
-1.45829e-10 1.37437e-10
-1.5254e-10 1.36873e-10
-1.59216e-10 1.35981e-10
-1.6584e-10 1.34764e-10
-1.72396e-10 1.33225e-10
-1.78869e-10 1.31367e-10
-1.85244e-10 1.29194e-10
-1.91504e-10 1.26712e-10
-1.97636e-10 1.23927e-10
-2.03625e-10 1.20846e-10
-2.09455e-10 1.17475e-10
-2.15114e-10 1.13823e-10
-2.20587e-10 1.09899e-10
-2.25862e-10 1.05712e-10
-2.30925e-10 1.01272e-10
-2.35766e-10 9.65895e-11
-2.40372e-10 9.16759e-11
-2.44731e-10 8.6543e-11
-2.48835e-10 8.12029e-11
-2.52672e-10 7.56685e-11
-2.56235e-10 6.99531e-11
-2.59513e-10 6.40703e-11
-2.625e-10 5.80342e-11
-2.65188e-10 5.18593e-11
-2.67571e-10 4.55602e-11
-2.69643e-10 3.91522e-11
-2.71399e-10 3.26505e-11
-2.72835e-10 2.60707e-11
-2.73947e-10 1.94286e-11
-2.74733e-10 1.274e-11
-2.75192e-10 6.0209e-12
-2.75321e-10 -7.12527e-13
-2.7512e-10 -7.4442e-12
-2.74591e-10 -1.4158e-11
-2.73733e-10 -2.08379e-11
-2.72551e-10 -2.74679e-11
-2.71045e-10 -3.40321e-11
-2.6922e-10 -4.05148e-11
-2.6708e-10 -4.69005e-11
-2.64631e-10 -5.31738e-11
-2.61877e-10 -5.93199e-11
-2.58827e-10 -6.5324e-11
-2.55486e-10 -7.11717e-11
-2.51863e-10 -7.6849e-11
-2.47967e-10 -8.23423e-11
-2.43807e-10 -8.76385e-11
-2.39393e-10 -9.2725e-11
-2.34736e-10 -9.75894e-11
-2.29846e-10 -1.0222e-10
-2.24735e-10 -1.06606e-10
-2.19416e-10 -1.10737e-10
-2.13902e-10 -1.14603e-10
-2.08205e-10 -1.18195e-10
-2.02339e-10 -1.21503e-10
-1.96318e-10 -1.24521e-10
-1.90157e-10 -1.27241e-10
-1.8387e-10 -1.29656e-10
-1.77473e-10 -1.31761e-10
-1.7098e-10 -1.3355e-10
-1.64408e-10 -1.3502e-10
-1.57772e-10 -1.36167e-10
-1.51087e-10 -1.36987e-10
-1.44371e-10 -1.3748e-10
-1.37638e-10 -1.37643e-10
-1.30905e-10 -1.37478e-10
-1.24189e-10 -1.36983e-10
-1.17505e-10 -1.3616e-10
-1.10869e-10 -1.35011e-10
-1.04297e-10 -1.33539e-10
-9.7805e-11 -1.31747e-10
-9.14084e-11 -1.29641e-10
-8.51225e-11 -1.27223e-10
-7.89624e-11 -1.24501e-10
-7.29427e-11 -1.21482e-10
-6.70779e-11 -1.18171e-10
-6.13821e-11 -1.14578e-10
-5.58688e-11 -1.1071e-10
-5.05513e-11 -1.06577e-10
-4.54423e-11 -1.02189e-10
-4.0554e-11 -9.75567e-11
-3.58981e-11 -9.26907e-11
-3.14857e-11 -8.76028e-11
-2.73275e-11 -8.23052e-11
-2.34333e-11 -7.68105e-11
-1.98125e-11 -7.1132e-11
-1.64738e-11 -6.52832e-11
-1.34251e-11 -5.92781e-11
-1.06738e-11 -5.31311e-11
-8.22639e-12 -4.68569e-11
-6.08877e-12 -4.04705e-11
-4.26604e-12 -3.39872e-11
-2.76258e-12 -2.74225e-11
-1.58198e-12 -2.07921e-11
-7.27066e-13 -1.41119e-11
-1.99885e-13 -7.39792e-12
-1.69816e-15 -6.66175e-13
-1.3298e-13 6.0672e-12
-5.93416e-13 1.27861e-11
-1.38191e-12 1.94744e-11
-2.49656e-12 2.61162e-11
-3.93471e-12 3.26955e-11
-5.69292e-12 3.91966e-11
-7.76697e-12 4.5604e-11
-1.01519e-11 5.19022e-11
-1.2842e-11 5.80763e-11
-1.58309e-11 6.41113e-11
-1.91113e-11 6.9993e-11
-2.26755e-11 7.57073e-11
-2.65149e-11 8.12403e-11
-3.06202e-11 8.6579e-11
-3.49818e-11 9.17105e-11
-3.95891e-11 9.66226e-11
-4.44312e-11 1.01303e-10
-4.94963e-11 1.05742e-10
-5.47725e-11 1.09927e-10
-6.02471e-11 1.1385e-10
-6.59069e-11 1.17499e-10
-7.17385e-11 1.20868e-10
-7.77279e-11 1.23948e-10
-8.38607e-11 1.26731e-10
-9.01222e-11 1.2921e-10
-9.64976e-11 1.31381e-10
-1.02971e-10 1.33237e-10
-1.09528e-10 1.34774e-10
-1.16153e-10 1.35988e-10
-1.22828e-10 1.36878e-10
-1.29539e-10 1.37439e-10
-1.3627e-10 1.37672e-10
-1.43004e-10 1.37575e-10
-1.49725e-10 1.37149e-10
-1.56418e-10 1.36395e-10
-1.63065e-10 1.35315e-10
-1.69652e-10 1.3391e-10
-1.76162e-10 1.32186e-10
-1.82579e-10 1.30145e-10
-1.8889e-10 1.27792e-10
-1.95078e-10 1.25134e-10
-2.01128e-10 1.22176e-10
-2.07027e-10 1.18926e-10
-2.12759e-10 1.15391e-10
-2.18312e-10 1.1158e-10
-2.23671e-10 1.07502e-10
-2.28825e-10 1.03167e-10
-2.33761e-10 9.85849e-11
-2.38467e-10 9.3767e-11
-2.42931e-10 8.87247e-11
-2.47143e-10 8.34701e-11
-2.51094e-10 7.80157e-11
-2.54773e-10 7.23747e-11
-2.58171e-10 6.65605e-11
-2.61282e-10 6.0587e-11
-2.64096e-10 5.44686e-11
-2.66608e-10 4.82199e-11
-2.68811e-10 4.18558e-11
-2.707e-10 3.53915e-11
-2.72271e-10 2.88426e-11
-2.73519e-10 2.22247e-11
-2.74443e-10 1.55537e-11
-2.75039e-10 8.84545e-12
-2.75306e-10 2.1161e-12
-2.75244e-10 -4.61827e-12
-2.74853e-10 -1.13415e-11
-2.74133e-10 -1.80376e-11
-2.73087e-10 -2.46905e-11
-2.71716e-10 -3.12843e-11
-2.70025e-10 -3.78031e-11
-2.68017e-10 -4.42314e-11
-2.65697e-10 -5.05538e-11
-2.6307e-10 -5.67551e-11
-2.60144e-10 -6.28206e-11
-2.56924e-10 -6.87357e-11
-2.53419e-10 -7.44863e-11
-2.49636e-10 -8.00585e-11
-2.45586e-10 -8.54391e-11
-2.41277e-10 -9.06151e-11
-2.36721e-10 -9.55742e-11
-2.31927e-10 -1.00305e-10
-2.26908e-10 -1.04795e-10
-2.21675e-10 -1.09034e-10
-2.16241e-10 -1.13013e-10
-2.10619e-10 -1.1672e-10
-2.04822e-10 -1.20149e-10
-1.98865e-10 -1.2329e-10
-1.92761e-10 -1.26135e-10
-1.86525e-10 -1.28679e-10
-1.80172e-10 -1.30915e-10
-1.73718e-10 -1.32837e-10
-1.67177e-10 -1.34442e-10
-1.60566e-10 -1.35725e-10
-1.539e-10 -1.36682e-10
-1.47194e-10 -1.37313e-10
-1.40467e-10 -1.37615e-10
-1.33732e-10 -1.37587e-10
-1.27007e-10 -1.3723e-10
-1.20307e-10 -1.36545e-10
-1.13649e-10 -1.35533e-10
-1.07048e-10 -1.34196e-10
-1.00521e-10 -1.32539e-10
-9.40823e-11 -1.30564e-10
-8.7748e-11 -1.28276e-10
-8.15332e-11 -1.25681e-10
-7.54528e-11 -1.22786e-10
-6.95213e-11 -1.19596e-10
-6.37528e-11 -1.16121e-10
-5.81612e-11 -1.12367e-10
-5.27599e-11 -1.08344e-10
-4.75618e-11 -1.04062e-10
-4.25793e-11 -9.95314e-11
-3.78244e-11 -9.4762e-11
-3.33085e-11 -8.97659e-11
-2.90422e-11 -8.45548e-11
-2.5036e-11 -7.91413e-11
-2.12993e-11 -7.35384e-11
-1.78411e-11 -6.77594e-11
-1.46697e-11 -6.18183e-11
-1.17927e-11 -5.57291e-11
-9.21685e-12 -4.95065e-11
-6.94845e-12 -4.31653e-11
-4.9929e-12 -3.67208e-11
-3.35487e-12 -3.01884e-11
-2.03829e-12 -2.35837e-11
-1.0463e-12 -1.69225e-11
-3.81275e-13 -1.02208e-11
-4.48136e-14 -3.49451e-12
-3.77174e-14 3.24014e-12
-3.60004e-13 9.96709e-12
-1.0109e-12 1.66702e-11
-1.98885e-12 2.33335e-11
-3.29152e-12 2.9941e-11
-4.91577e-12 3.64768e-11
-6.85774e-12 4.29254e-11
-9.11277e-12 4.92713e-11
-1.16755e-11 5.54993e-11
-1.45397e-11 6.15946e-11
-1.76986e-11 6.75424e-11
-2.11446e-11 7.33287e-11
-2.48694e-11 7.89395e-11
-2.88643e-11 8.43614e-11
-3.31195e-11 8.95814e-11
-3.76249e-11 9.45871e-11
-4.23697e-11 9.93664e-11
-4.73426e-11 1.03908e-10
-5.25317e-11 1.08201e-10
-5.79245e-11 1.12235e-10
-6.35082e-11 1.16e-10
-6.92693e-11 1.19488e-10
-7.51942e-11 1.2269e-10
-8.12685e-11 1.25598e-10
-8.74778e-11 1.28206e-10
-9.38072e-11 1.30507e-10
-1.00242e-10 1.32496e-10
-1.06765e-10 1.34167e-10
-1.13363e-10 1.35518e-10
-1.20019e-10 1.36544e-10
-1.26718e-10 1.37243e-10
-1.33442e-10 1.37614e-10
-1.40177e-10 1.37656e-10
-1.46905e-10 1.37368e-10
-1.53611e-10 1.36752e-10
-1.6028e-10 1.35808e-10
-1.66894e-10 1.34539e-10
-1.73438e-10 1.32949e-10
-1.79896e-10 1.3104e-10
-1.86254e-10 1.28818e-10
-1.92495e-10 1.26287e-10
-1.98605e-10 1.23454e-10
-2.04569e-10 1.20326e-10
-2.10373e-10 1.1691e-10
-2.16002e-10 1.13214e-10
-2.21445e-10 1.09247e-10
-2.26687e-10 1.05018e-10
-2.31715e-10 1.00539e-10
-2.36519e-10 9.58184e-11
-2.41086e-10 9.08689e-11
-2.45406e-10 8.5702e-11
-2.49467e-10 8.03299e-11
-2.53261e-10 7.47657e-11
-2.56779e-10 6.90225e-11
-2.60011e-10 6.31143e-11
-2.6295e-10 5.7055e-11
-2.6559e-10 5.08591e-11
-2.67923e-10 4.45416e-11
-2.69945e-10 3.81176e-11
-2.7165e-10 3.16023e-11
-2.73035e-10 2.50115e-11
-2.74095e-10 1.83608e-11
-2.74829e-10 1.16663e-11
-2.75234e-10 4.94385e-12
-2.75311e-10 -1.79038e-12
-2.75057e-10 -8.52028e-12
-2.74475e-10 -1.52297e-11
-2.73566e-10 -2.19027e-11
-2.72331e-10 -2.85232e-11
-2.70774e-10 -3.50754e-11
-2.68899e-10 -4.15436e-11
-2.66709e-10 -4.79124e-11
-2.6421e-10 -5.41664e-11
-2.61409e-10 -6.02907e-11
-2.58311e-10 -6.62707e-11
-2.54925e-10 -7.20921e-11
-2.51258e-10 -7.77408e-11
-2.47319e-10 -8.32035e-11
-2.43118e-10 -8.8467e-11
-2.38664e-10 -9.35187e-11
-2.33968e-10 -9.83465e-11
-2.29042e-10 -1.02939e-10
-2.23898e-10 -1.07285e-10
-2.18547e-10 -1.11374e-10
-2.13002e-10 -1.15197e-10
-2.07277e-10 -1.18744e-10
-2.01385e-10 -1.22006e-10
-1.95341e-10 -1.24977e-10
-1.89159e-10 -1.27648e-10
-1.82854e-10 -1.30014e-10
-1.7644e-10 -1.32069e-10
-1.69934e-10 -1.33807e-10
-1.6335e-10 -1.35225e-10
-1.56705e-10 -1.3632e-10
-1.50014e-10 -1.37088e-10
-1.43294e-10 -1.37528e-10
-1.3656e-10 -1.37639e-10
-1.29829e-10 -1.3742e-10
-1.23117e-10 -1.36873e-10
-1.16439e-10 -1.35998e-10
-1.09812e-10 -1.34797e-10
-1.03252e-10 -1.33274e-10
-9.67745e-11 -1.31431e-10
-9.03946e-11 -1.29274e-10
-8.41278e-11 -1.26808e-10
-7.79892e-11 -1.24038e-10
-7.19933e-11 -1.20971e-10
-6.61547e-11 -1.17615e-10
-6.04871e-11 -1.13977e-10
-5.50043e-11 -1.10066e-10
-4.97193e-11 -1.05892e-10
-4.46448e-11 -1.01464e-10
-3.97929e-11 -9.67934e-11
-3.51753e-11 -9.18911e-11
-3.08029e-11 -8.67687e-11
-2.66863e-11 -8.14387e-11
-2.28352e-11 -7.59138e-11
-1.9259e-11 -7.02071e-11
-1.59662e-11 -6.43323e-11
-1.29647e-11 -5.83035e-11
-1.02615e-11 -5.21351e-11
-7.86333e-12 -4.5842e-11
-5.77578e-12 -3.9439e-11
-4.00387e-12 -3.29416e-11
-2.55186e-12 -2.63654e-11
-1.42321e-12 -1.97259e-11
-6.20628e-13 -1.30393e-11
-1.46034e-13 -6.32136e-12
-5.6239e-16 4.11723e-13
-1.84563e-13 7.14387e-12
-6.97594e-13 1.3859e-11
-1.53843e-12 2.05409e-11
-2.70505e-12 2.71738e-11
-4.19468e-12 3.37416e-11
-6.00373e-12 4.02287e-11
-8.1279e-12 4.66196e-11
-1.05621e-11 5.2899e-11
-1.33005e-11 5.90518e-11
-1.63365e-11 6.50633e-11
-1.96629e-11 7.09192e-11
-2.32717e-11 7.66053e-11
-2.71542e-11 8.21081e-11
-3.13013e-11 8.74145e-11
-3.57029e-11 9.25117e-11
-4.03485e-11 9.73875e-11
-4.52271e-11 1.0203e-10
-5.03269e-11 1.06429e-10
-5.56357e-11 1.10573e-10
-6.11408e-11 1.14452e-10
-6.6829e-11 1.18058e-10
-7.26868e-11 1.21381e-10
-7.87001e-11 1.24413e-10
-8.48545e-11 1.27148e-10
-9.11353e-11 1.29578e-10
-9.75274e-11 1.31699e-10
-1.04016e-10 1.33504e-10
-1.10584e-10 1.3499e-10
-1.17218e-10 1.36153e-10
-1.239e-10 1.3699e-10
-1.30616e-10 1.37499e-10
-1.37348e-10 1.37679e-10
-1.44081e-10 1.37529e-10
-1.50799e-10 1.37051e-10
-1.57485e-10 1.36244e-10
-1.64124e-10 1.35112e-10
-1.70699e-10 1.33656e-10
-1.77195e-10 1.3188e-10
-1.83597e-10 1.29789e-10
-1.89889e-10 1.27387e-10
-1.96056e-10 1.2468e-10
-2.02083e-10 1.21675e-10
-2.07955e-10 1.18379e-10
-2.1366e-10 1.14799e-10
-2.19183e-10 1.10945e-10
-2.2451e-10 1.06825e-10
-2.2963e-10 1.0245e-10
-2.3453e-10 9.78294e-11
-2.39198e-10 9.29748e-11
-2.43622e-10 8.78977e-11
-2.47793e-10 8.26102e-11
-2.51701e-10 7.71251e-11
-2.55336e-10 7.14555e-11
-2.58689e-10 6.56148e-11
-2.61752e-10 5.96172e-11
-2.64518e-10 5.34769e-11
-2.66981e-10 4.72087e-11
-2.69134e-10 4.08276e-11
-2.70973e-10 3.43487e-11
-2.72492e-10 2.77877e-11
-2.73689e-10 2.11603e-11
-2.7456e-10 1.44822e-11
-2.75104e-10 7.76951e-12
-2.75319e-10 1.03827e-12
-2.75204e-10 -5.69541e-12
-2.7476e-10 -1.24154e-11
-2.73988e-10 -1.91057e-11
-2.72889e-10 -2.57501e-11
-2.71467e-10 -3.23329e-11
-2.69725e-10 -3.88383e-11
-2.67667e-10 -4.52507e-11
-2.65297e-10 -5.15548e-11
-2.62622e-10 -5.77354e-11
-2.59648e-10 -6.37777e-11
-2.56382e-10 -6.96674e-11
-2.52832e-10 -7.53904e-11
-2.49006e-10 -8.09328e-11
-2.44913e-10 -8.62815e-11
-2.40564e-10 -9.14236e-11
-2.35969e-10 -9.63469e-11
-2.31139e-10 -1.0104e-10
-2.26084e-10 -1.0549e-10
-2.20818e-10 -1.09689e-10
-2.15353e-10 -1.13624e-10
-2.09702e-10 -1.17288e-10
-2.03879e-10 -1.20671e-10
-1.97897e-10 -1.23765e-10
-1.91771e-10 -1.26563e-10
-1.85516e-10 -1.29058e-10
-1.79146e-10 -1.31244e-10
-1.72677e-10 -1.33116e-10
-1.66123e-10 -1.34669e-10
-1.59502e-10 -1.359e-10
-1.52829e-10 -1.36805e-10
-1.46119e-10 -1.37383e-10
-1.39389e-10 -1.37633e-10
-1.32655e-10 -1.37552e-10
-1.25932e-10 -1.37143e-10
-1.19238e-10 -1.36405e-10
-1.12588e-10 -1.35341e-10
-1.05998e-10 -1.33953e-10
