8.48303e-19 1.347e-14
-1.97644e-13 1.34816e-11
-7.91709e-13 2.6938e-11
-1.78168e-12 4.03711e-11
-3.16669e-12 5.37693e-11
-4.94555e-12 6.71209e-11
-7.11671e-12 8.04143e-11
-9.67829e-12 9.3638e-11
-1.26281e-11 1.06781e-10
-1.59635e-11 1.19831e-10
-1.96817e-11 1.32777e-10
-2.37794e-11 1.45608e-10
-2.82531e-11 1.58313e-10
-3.30988e-11 1.70881e-10
-3.83125e-11 1.833e-10
-4.38896e-11 1.95561e-10
-4.98252e-11 2.07652e-10
-5.61141e-11 2.19563e-10
-6.27511e-11 2.31284e-10
-6.97302e-11 2.42805e-10
-7.70455e-11 2.54115e-10
-8.46905e-11 2.65204e-10
-9.26588e-11 2.76064e-10
-1.00943e-10 2.86685e-10
-1.09537e-10 2.97057e-10
-1.18432e-10 3.07171e-10
-1.27621e-10 3.1702e-10
-1.37096e-10 3.26593e-10
-1.46849e-10 3.35884e-10
-1.56871e-10 3.44883e-10
-1.67154e-10 3.53583e-10
-1.77688e-10 3.61977e-10
-1.88465e-10 3.70057e-10
-1.99475e-10 3.77816e-10
-2.10709e-10 3.85248e-10
-2.22157e-10 3.92346e-10
-2.33809e-10 3.99103e-10
-2.45654e-10 4.05515e-10
-2.57683e-10 4.11575e-10
-2.69886e-10 4.17279e-10
-2.82251e-10 4.22621e-10
-2.94768e-10 4.27596e-10
-3.07426e-10 4.32201e-10
-3.20214e-10 4.36431e-10
-3.33121e-10 4.40282e-10
-3.46136e-10 4.43753e-10
-3.59247e-10 4.46838e-10
-3.72444e-10 4.49536e-10
-3.85714e-10 4.51844e-10
-3.99047e-10 4.53761e-10
-4.1243e-10 4.55285e-10
-4.25852e-10 4.56413e-10
-4.39302e-10 4.57146e-10
-4.52767e-10 4.57483e-10
-4.66236e-10 4.57423e-10
-4.79698e-10 4.56967e-10
-4.93141e-10 4.56115e-10
-5.06552e-10 4.54867e-10
-5.19921e-10 4.53225e-10
-5.33236e-10 4.5119e-10
-5.46486e-10 4.48764e-10
-5.59658e-10 4.45949e-10
-5.72741e-10 4.42747e-10
-5.85725e-10 4.39161e-10
-5.98597e-10 4.35195e-10
-6.11347e-10 4.30852e-10
-6.23964e-10 4.26135e-10
-6.36436e-10 4.21049e-10
-6.48753e-10 4.15597e-10
-6.60905e-10 4.09786e-10
-6.7288e-10 4.03619e-10
-6.84668e-10 3.97103e-10
-6.96259e-10 3.90242e-10
-7.07644e-10 3.83043e-10
-7.18811e-10 3.75512e-10
-7.29752e-10 3.67655e-10
-7.40457e-10 3.5948e-10
-7.50916e-10 3.50993e-10
-7.61121e-10 3.42201e-10
-7.71063e-10 3.33114e-10
-7.80733e-10 3.23737e-10
-7.90123e-10 3.1408e-10
-7.99224e-10 3.0415e-10
-8.08029e-10 2.93957e-10
-8.1653e-10 2.83509e-10
-8.2472e-10 2.72816e-10
-8.32592e-10 2.61885e-10
-8.40138e-10 2.50728e-10
-8.47353e-10 2.39354e-10
-8.54229e-10 2.27772e-10
-8.60762e-10 2.15993e-10
-8.66945e-10 2.04026e-10
-8.72773e-10 1.91883e-10
-8.78241e-10 1.79573e-10
-8.83344e-10 1.67107e-10
-8.88078e-10 1.54497e-10
-8.92439e-10 1.41753e-10
-8.96423e-10 1.28886e-10
-9.00026e-10 1.15907e-10
-9.03245e-10 1.02828e-10
-9.06078e-10 8.966e-11
-9.08522e-10 7.64141e-11
-9.10576e-10 6.31019e-11
-9.12236e-10 4.97351e-11
-9.13502e-10 3.63252e-11
-9.14373e-10 2.28838e-11
-9.14847e-10 9.42259e-12
-9.14925e-10 -4.04674e-12
-9.14607e-10 -1.75125e-11
-9.13892e-10 -3.09631e-11
-9.12782e-10 -4.43868e-11
-9.11276e-10 -5.7772e-11
-9.09378e-10 -7.11071e-11
-9.07088e-10 -8.43805e-11
-9.04407e-10 -9.75807e-11
-9.0134e-10 -1.10696e-10
-8.97887e-10 -1.23716e-10
-8.94053e-10 -1.36628e-10
-8.89841e-10 -1.49422e-10
-8.85253e-10 -1.62086e-10
-8.80295e-10 -1.7461e-10
-8.7497e-10 -1.86982e-10
-8.69283e-10 -1.99193e-10
-8.63239e-10 -2.1123e-10
-8.56844e-10 -2.23084e-10
-8.50102e-10 -2.34745e-10
-8.4302e-10 -2.46203e-10
-8.35603e-10 -2.57447e-10
-8.27859e-10 -2.68467e-10
-8.19794e-10 -2.79255e-10
-8.11414e-10 -2.89801e-10
-8.02728e-10 -3.00095e-10
-7.93742e-10 -3.1013e-10
-7.84465e-10 -3.19895e-10
-7.74905e-10 -3.29383e-10
-7.65069e-10 -3.38586e-10
-7.54966e-10 -3.47495e-10
-7.44606e-10 -3.56103e-10
-7.33997e-10 -3.64401e-10
-7.23148e-10 -3.72384e-10
-7.12068e-10 -3.80045e-10
-7.00768e-10 -3.87375e-10
-6.89257e-10 -3.9437e-10
-6.77546e-10 -4.01023e-10
-6.65643e-10 -4.07328e-10
-6.5356e-10 -4.1328e-10
-6.41307e-10 -4.18874e-10
-6.28894e-10 -4.24104e-10
-6.16333e-10 -4.28967e-10
-6.03634e-10 -4.33458e-10
-5.90809e-10 -4.37573e-10
-5.77868e-10 -4.41309e-10
-5.64822e-10 -4.44662e-10
-5.51684e-10 -4.4763e-10
-5.38463e-10 -4.5021e-10
-5.25173e-10 -4.52399e-10
-5.11824e-10 -4.54196e-10
-4.98427e-10 -4.55599e-10
-4.84996e-10 -4.56607e-10
-4.7154e-10 -4.5722e-10
-4.58072e-10 -4.57436e-10
-4.44604e-10 -4.57255e-10
-4.31147e-10 -4.56678e-10
-4.17712e-10 -4.55705e-10
-4.04312e-10 -4.54337e-10
-3.90959e-10 -4.52575e-10
-3.77662e-10 -4.50421e-10
-3.64436e-10 -4.47876e-10
-3.51289e-10 -4.44943e-10
-3.38235e-10 -4.41624e-10
-3.25284e-10 -4.37922e-10
-3.12448e-10 -4.33841e-10
-2.99737e-10 -4.29383e-10
-2.87163e-10 -4.24553e-10
-2.74737e-10 -4.19355e-10
-2.62469e-10 -4.13794e-10
-2.50371e-10 -4.07873e-10
-2.38452e-10 -4.01599e-10
-2.26722e-10 -3.94977e-10
-2.15193e-10 -3.88013e-10
-2.03874e-10 -3.80712e-10
-1.92774e-10 -3.73081e-10
-1.81904e-10 -3.65126e-10
-1.71273e-10 -3.56855e-10
-1.60891e-10 -3.48275e-10
-1.50765e-10 -3.39392e-10
-1.40905e-10 -3.30216e-10
-1.31319e-10 -3.20753e-10
-1.22017e-10 -3.11012e-10
-1.13005e-10 -3.01001e-10
-1.04291e-10 -2.90729e-10
-9.58844e-11 -2.80205e-10
-8.77907e-11 -2.69439e-10
-8.00176e-11 -2.58438e-10
-7.25716e-11 -2.47214e-10
-6.54594e-11 -2.35775e-10
-5.8687e-11 -2.24132e-10
-5.22603e-11 -2.12295e-10
-4.61849e-11 -2.00273e-10
-4.0466e-11 -1.88078e-10
-3.51087e-11 -1.75719e-10
-3.01175e-11 -1.63209e-10
-2.54967e-11 -1.50557e-10
-2.12505e-11 -1.37774e-10
-1.73824e-11 -1.24872e-10
-1.38959e-11 -1.11861e-10
-1.07939e-11 -9.87537e-11
-8.07914e-12 -8.55605e-11
-5.75396e-12 -7.22932e-11
-3.82039e-12 -5.89631e-11
-2.28009e-12 -4.55819e-11
-1.1344e-12 -3.21612e-11
-3.84326e-13 -1.87125e-11
-3.05064e-14 -5.24763e-12
-7.32502e-14 8.22186e-12
-5.12521e-13 2.16842e-11
-1.34794e-12 3.51279e-11
-2.57878e-12 4.85411e-11
-4.20397e-12 6.19122e-11
-6.22211e-12 7.52297e-11
-8.63144e-12 8.8482e-11
-1.14299e-11 1.01658e-10
-1.4615e-11 1.14745e-10
-1.81841e-11 1.27733e-10
-2.21339e-11 1.40611e-10
-2.64612e-11 1.53366e-10
-3.11621e-11 1.65989e-10
-3.62326e-11 1.78468e-10
-4.16683e-11 1.90792e-10
-4.74644e-11 2.0295e-10
-5.3616e-11 2.14933e-10
-6.01177e-11 2.2673e-10
-6.69639e-11 2.3833e-10
-7.41486e-11 2.49723e-10
-8.16656e-11 2.609e-10
-8.95084e-11 2.71851e-10
-9.76703e-11 2.82566e-10
-1.06144e-10 2.93036e-10
-1.14922e-10 3.03252e-10
-1.23998e-10 3.13205e-10
-1.33362e-10 3.22887e-10
-1.43007e-10 3.32289e-10
-1.52925e-10 3.41403e-10
-1.63107e-10 3.50221e-10
-1.73544e-10 3.58735e-10
-1.84228e-10 3.66939e-10
-1.95148e-10 3.74824e-10
-2.06295e-10 3.82385e-10
-2.17661e-10 3.89614e-10
-2.29234e-10 3.96505e-10
-2.41005e-10 4.03052e-10
-2.52964e-10 4.0925e-10
-2.651e-10 4.15094e-10
-2.77403e-10 4.20577e-10
-2.89862e-10 4.25696e-10
-3.02466e-10 4.30446e-10
-3.15204e-10 4.34823e-10
-3.28066e-10 4.38823e-10
-3.4104e-10 4.42443e-10
-3.54115e-10 4.45679e-10
-3.6728e-10 4.48528e-10
-3.80523e-10 4.50989e-10
-3.93833e-10 4.53059e-10
-4.07197e-10 4.54736e-10
-4.20606e-10 4.56019e-10
-4.34046e-10 4.56907e-10
-4.47506e-10 4.57399e-10
-4.60976e-10 4.57494e-10
-4.74442e-10 4.57192e-10
-4.87893e-10 4.56495e-10
-5.01318e-10 4.55401e-10
-5.14705e-10 4.53913e-10
-5.28043e-10 4.52031e-10
-5.41319e-10 4.49758e-10
-5.54523e-10 4.47094e-10
-5.67642e-10 4.44043e-10
-5.80666e-10 4.40607e-10
-5.93583e-10 4.3679e-10
-6.06383e-10 4.32593e-10
-6.19053e-10 4.28022e-10
-6.31583e-10 4.23079e-10
-6.43962e-10 4.1777e-10
-6.56179e-10 4.12098e-10
-6.68224e-10 4.0607e-10
-6.80087e-10 3.99689e-10
-6.91756e-10 3.92962e-10
-7.03222e-10 3.85894e-10
-7.14476e-10 3.78492e-10
-7.25506e-10 3.70762e-10
-7.36304e-10 3.6271e-10
-7.46861e-10 3.54344e-10
-7.57166e-10 3.45671e-10
-7.67212e-10 3.36698e-10
-7.76989e-10 3.27433e-10
-7.86489e-10 3.17885e-10
-7.95704e-10 3.0806e-10
-8.04626e-10 2.97969e-10
-8.13247e-10 2.8762e-10
-8.21559e-10 2.77021e-10
-8.29556e-10 2.66182e-10
-8.3723e-10 2.55113e-10
-8.44575e-10 2.43822e-10
-8.51584e-10 2.3232e-10
-8.58252e-10 2.20616e-10
-8.64572e-10 2.08722e-10
-8.70539e-10 1.96646e-10
-8.76148e-10 1.844e-10
-8.81395e-10 1.71994e-10
-8.86273e-10 1.59439e-10
-8.9078e-10 1.46746e-10
-8.94912e-10 1.33926e-10
-8.98664e-10 1.20989e-10
-9.02034e-10 1.07948e-10
-9.05018e-10 9.48133e-11
-9.07614e-10 8.15963e-11
-9.0982e-10 6.83086e-11
-9.11634e-10 5.49618e-11
-9.13054e-10 4.15673e-11
-9.1408e-10 2.81368e-11
-9.14709e-10 1.4682e-11
-9.14942e-10 1.21442e-12
-9.14778e-10 -1.22541e-11
-9.14218e-10 -2.5712e-11
-9.13262e-10 -3.91476e-11
-9.11911e-10 -5.25492e-11
-9.10166e-10 -6.59053e-11
-9.08029e-10 -7.92041e-11
-9.055e-10 -9.24343e-11
-9.02584e-10 -1.05584e-10
-8.99282e-10 -1.18643e-10
-8.95596e-10 -1.31598e-10
-8.91531e-10 -1.4444e-10
-8.87089e-10 -1.57156e-10
-8.82275e-10 -1.69736e-10
-8.77093e-10 -1.82169e-10
-8.71547e-10 -1.94443e-10
-8.65642e-10 -2.0655e-10
-8.59383e-10 -2.18477e-10
-8.52776e-10 -2.30214e-10
-8.45826e-10 -2.41752e-10
-8.38539e-10 -2.53081e-10
-8.30922e-10 -2.6419e-10
-8.22982e-10 -2.7507e-10
-8.14724e-10 -2.85711e-10
-8.06157e-10 -2.96105e-10
-7.97287e-10 -3.06242e-10
-7.88123e-10 -3.16114e-10
-7.78672e-10 -3.25711e-10
-7.68943e-10 -3.35026e-10
-7.58943e-10 -3.44051e-10
-7.48683e-10 -3.52777e-10
-7.3817e-10 -3.61197e-10
-7.27413e-10 -3.69304e-10
-7.16423e-10 -3.77092e-10
-7.05208e-10 -3.84552e-10
-6.93778e-10 -3.91678e-10
-6.82143e-10 -3.98465e-10
-6.70314e-10 -4.04907e-10
-6.583e-10 -4.10998e-10
-6.46112e-10 -4.16732e-10
-6.33761e-10 -4.22105e-10
-6.21256e-10 -4.27112e-10
-6.0861e-10 -4.31749e-10
-5.95833e-10 -4.36011e-10
-5.82935e-10 -4.39895e-10
-5.69929e-10 -4.43398e-10
-5.56826e-10 -4.46517e-10
-5.43636e-10 -4.49248e-10
-5.30372e-10 -4.5159e-10
-5.17044e-10 -4.53541e-10
-5.03665e-10 -4.55098e-10
-4.90245e-10 -4.56261e-10
-4.76798e-10 -4.57028e-10
-4.63333e-10 -4.57399e-10
-4.49864e-10 -4.57373e-10
-4.36401e-10 -4.56951e-10
-4.22956e-10 -4.56132e-10
-4.09541e-10 -4.54918e-10
-3.96168e-10 -4.5331e-10
-3.82848e-10 -4.51309e-10
-3.69593e-10 -4.48916e-10
-3.56414e-10 -4.46134e-10
-3.43322e-10 -4.42966e-10
-3.30329e-10 -4.39413e-10
-3.17447e-10 -4.3548e-10
-3.04686e-10 -4.31169e-10
-2.92058e-10 -4.26484e-10
-2.79572e-10 -4.21429e-10
-2.67242e-10 -4.16009e-10
-2.55076e-10 -4.10228e-10
-2.43085e-10 -4.04092e-10
-2.3128e-10 -3.97605e-10
-2.19672e-10 -3.90773e-10
-2.08269e-10 -3.83603e-10
-1.97083e-10 -3.761e-10
-1.86122e-10 -3.68271e-10
-1.75397e-10 -3.60123e-10
-1.64916e-10 -3.51662e-10
-1.54689e-10 -3.42897e-10
-1.44724e-10 -3.33834e-10
-1.3503e-10 -3.24482e-10
-1.25616e-10 -3.14849e-10
-1.1649e-10 -3.04942e-10
-1.07659e-10 -2.94772e-10
-9.91312e-11 -2.84345e-10
-9.09142e-11 -2.73672e-10
-8.30151e-11 -2.62762e-10
-7.54406e-11 -2.51624e-10
-6.81972e-11 -2.40268e-10
-6.12914e-11 -2.28703e-10
-5.4729e-11 -2.16941e-10
-4.85157e-11 -2.0499e-10
-4.2657e-11 -1.92861e-10
-3.71578e-11 -1.80565e-10
-3.20231e-11 -1.68113e-10
-2.72572e-11 -1.55515e-10
-2.28642e-11 -1.42781e-10
-1.8848e-11 -1.29925e-10
-1.52121e-11 -1.16955e-10
-1.19596e-11 -1.03884e-10
-9.09325e-12 -9.0723e-11
-6.61564e-12 -7.74833e-11
-4.52889e-12 -6.41764e-11
-2.83481e-12 -5.08138e-11
-1.53486e-12 -3.74071e-11
-6.30164e-13 -2.3968e-11
-1.21516e-13 -1.0508e-11
-9.35295e-15 2.96106e-12
-2.93772e-13 1.64276e-11
-9.74526e-13 2.98799e-11
-2.05103e-12 4.33064e-11
-3.52234e-12 5.66954e-11
-5.38719e-12 7.00352e-11
-7.64396e-12 8.33144e-11
-1.02907e-11 9.65213e-11
-1.33251e-11 1.09645e-10
-1.67445e-11 1.22673e-10
-2.0546e-11 1.35595e-10
-2.47263e-11 1.48399e-10
-2.92818e-11 1.61075e-10
-3.42084e-11 1.73611e-10
-3.9502e-11 1.85997e-10
-4.5158e-11 1.98222e-10
-5.11713e-11 2.10274e-10
-5.75369e-11 2.22145e-10
-6.42493e-11 2.33823e-10
-7.13025e-11 2.45298e-10
-7.86904e-11 2.56561e-10
-8.64068e-11 2.67601e-10
-9.44448e-11 2.78409e-10
-1.02798e-10 2.88976e-10
-1.11458e-10 2.99293e-10
-1.20418e-10 3.0935e-10
-1.2967e-10 3.19138e-10
-1.39207e-10 3.28651e-10
-1.49019e-10 3.37878e-10
-1.59099e-10 3.46813e-10
-1.69438e-10 3.55446e-10
-1.80026e-10 3.63772e-10
-1.90855e-10 3.71783e-10
-2.01915e-10 3.79471e-10
-2.13196e-10 3.8683e-10
-2.24689e-10 3.93854e-10
-2.36384e-10 4.00536e-10
-2.48271e-10 4.06872e-10
-2.60339e-10 4.12854e-10
-2.72578e-10 4.18479e-10
-2.84977e-10 4.23741e-10
-2.97526e-10 4.28635e-10
-3.10214e-10 4.33158e-10
-3.23029e-10 4.37306e-10
-3.3596e-10 4.41075e-10
-3.48997e-10 4.44461e-10
-3.62128e-10 4.47462e-10
-3.75342e-10 4.50075e-10
-3.88627e-10 4.52297e-10
-4.01971e-10 4.54128e-10
-4.15364e-10 4.55565e-10
-4.28793e-10 4.56607e-10
-4.42247e-10 4.57254e-10
-4.55714e-10 4.57504e-10
-4.69183e-10 4.57357e-10
-4.82642e-10 4.56814e-10
-4.96079e-10 4.55875e-10
-5.09482e-10 4.54541e-10
-5.2284e-10 4.52813e-10
-5.36142e-10 4.50692e-10
-5.49375e-10 4.48181e-10
-5.62529e-10 4.45281e-10
-5.75591e-10 4.41995e-10
-5.88552e-10 4.38326e-10
-6.01398e-10 4.34277e-10
-6.1412e-10 4.29851e-10
-6.26706e-10 4.25053e-10
-6.39145e-10 4.19887e-10
-6.51427e-10 4.14356e-10
-6.63541e-10 4.08467e-10
-6.75476e-10 4.02223e-10
-6.87222e-10 3.95631e-10
-6.98769e-10 3.88695e-10
-7.10106e-10 3.81423e-10
-7.21225e-10 3.7382e-10
-7.32115e-10 3.65893e-10
-7.42767e-10 3.57649e-10
-7.53171e-10 3.49095e-10
-7.63319e-10 3.40238e-10
-7.73203e-10 3.31086e-10
-7.82812e-10 3.21647e-10
-7.92139e-10 3.1193e-10
-8.01176e-10 3.01942e-10
-8.09916e-10 2.91692e-10
-8.18349e-10 2.8119e-10
-8.2647e-10 2.70444e-10
-8.34271e-10 2.59463e-10
-8.41745e-10 2.48258e-10
-8.48887e-10 2.36837e-10
-8.55688e-10 2.25211e-10
-8.62145e-10 2.1339e-10
-8.68251e-10 2.01383e-10
-8.74e-10 1.89203e-10
-8.79389e-10 1.76858e-10
-8.84412e-10 1.6436e-10
-8.89065e-10 1.5172e-10
-8.93343e-10 1.38948e-10
-8.97244e-10 1.26055e-10
-9.00763e-10 1.13054e-10
-9.03898e-10 9.99539e-11
-9.06646e-10 8.67677e-11
-9.09005e-10 7.35063e-11
-9.10972e-10 6.01812e-11
-9.12547e-10 4.68039e-11
-9.13726e-10 3.33861e-11
-9.1451e-10 1.99394e-11
-9.14898e-10 6.47543e-12
-9.14889e-10 -6.99412e-12
-9.14484e-10 -2.04576e-11
-9.13683e-10 -3.39033e-11
-9.12486e-10 -4.73195e-11
-9.10895e-10 -6.06948e-11
-9.0891e-10 -7.40173e-11
-9.06534e-10 -8.72757e-11
-9.03769e-10 -1.00458e-10
-9.00617e-10 -1.13554e-10
-8.97081e-10 -1.26551e-10
-8.93164e-10 -1.39438e-10
-8.88869e-10 -1.52205e-10
-8.842e-10 -1.64839e-10
-8.79161e-10 -1.77331e-10
-8.73756e-10 -1.89669e-10
-8.67991e-10 -2.01842e-10
-8.6187e-10 -2.1384e-10
-8.55398e-10 -2.25653e-10
-8.48581e-10 -2.3727e-10
-8.41425e-10 -2.48682e-10
-8.33936e-10 -2.59878e-10
-8.26121e-10 -2.70848e-10
-8.17987e-10 -2.81584e-10
-8.09539e-10 -2.92075e-10
-8.00787e-10 -3.02314e-10
-7.91737e-10 -3.1229e-10
-7.82397e-10 -3.21996e-10
-7.72775e-10 -3.31422e-10
-7.62881e-10 -3.40561e-10
-7.52721e-10 -3.49404e-10
-7.42305e-10 -3.57945e-10
-7.31643e-10 -3.66176e-10
-7.20743e-10 -3.74089e-10
-7.09614e-10 -3.81677e-10
-6.98267e-10 -3.88935e-10
-6.86711e-10 -3.95855e-10
-6.74957e-10 -4.02433e-10
-6.63014e-10 -4.08661e-10
-6.50893e-10 -4.14535e-10
-6.38604e-10 -4.2005e-10
-6.26158e-10 -4.252e-10
-6.13566e-10 -4.29982e-10
-6.00838e-10 -4.34391e-10
-5.87986e-10 -4.38424e-10
-5.75021e-10 -4.42076e-10
-5.61955e-10 -4.45345e-10
-5.48797e-10 -4.48228e-10
-5.35561e-10 -4.50722e-10
-5.22256e-10 -4.52826e-10
-5.08896e-10 -4.54537e-10
-4.95491e-10 -4.55854e-10
-4.82053e-10 -4.56775e-10
-4.68594e-10 -4.57301e-10
-4.55125e-10 -4.5743e-10
-4.41658e-10 -4.57163e-10
-4.28205e-10 -4.56499e-10
-4.14777e-10 -4.5544e-10
-4.01386e-10 -4.53985e-10
-3.88044e-10 -4.52137e-10
-3.74762e-10 -4.49897e-10
-3.61551e-10 -4.47267e-10
-3.48424e-10 -4.44249e-10
-3.35392e-10 -4.40846e-10
-3.22465e-10 -4.37061e-10
-3.09655e-10 -4.32897e-10
-2.96974e-10 -4.28358e-10
-2.84431e-10 -4.23447e-10
-2.72039e-10 -4.18169e-10
-2.59807e-10 -4.12528e-10
-2.47747e-10 -4.0653e-10
-2.35868e-10 -4.0018e-10
-2.24182e-10 -3.93482e-10
-2.12698e-10 -3.86444e-10
-2.01426e-10 -3.7907e-10
-1.90376e-10 -3.71367e-10
-1.79557e-10 -3.63343e-10
-1.6898e-10 -3.55004e-10
-1.58652e-10 -3.46356e-10
-1.48584e-10 -3.37409e-10
-1.38784e-10 -3.28169e-10
-1.29259e-10 -3.18644e-10
-1.20019e-10 -3.08844e-10
-1.11072e-10 -2.98775e-10
-1.02425e-10 -2.88447e-10
-9.40862e-11 -2.7787e-10
-8.60621e-11 -2.67051e-10
-7.836e-11 -2.56001e-10
-7.09866e-11 -2.44729e-10
-6.39481e-11 -2.33244e-10
-5.72509e-11 -2.21558e-10
-5.09006e-11 -2.09679e-10
-4.49028e-11 -1.97619e-10
-3.92626e-11 -1.85387e-10
-3.3985e-11 -1.72994e-10
-2.90745e-11 -1.60452e-10
-2.45354e-11 -1.4777e-10
-2.03716e-11 -1.3496e-10
-1.65868e-11 -1.22033e-10
-1.31841e-11 -1.09001e-10
-1.01667e-11 -9.58736e-11
-7.53696e-12 -8.26632e-11
-5.29731e-12 -6.93812e-11
-3.44966e-12 -5.60389e-11
-1.99561e-12 -4.26481e-11
-9.36426e-13 -2.92202e-11
-2.73017e-13 -1.5767e-11
-5.96117e-15 -2.30013e-12
-1.35491e-13 1.11688e-11
-6.61493e-13 2.46281e-11
-1.58351e-12 3.8066e-11
-2.90075e-12 5.1471e-11
-4.61206e-12 6.48314e-11
-6.71597e-12 7.81357e-11
-9.21064e-12 9.13722e-11
-1.20939e-11 1.0453e-10
-1.53633e-11 1.17596e-10
-1.9016e-11 1.30561e-10
-2.30487e-11 1.43413e-10
-2.74581e-11 1.5614e-10
-3.22402e-11 1.68732e-10
-3.7391e-11 1.81178e-10
-4.2906e-11 1.93467e-10
-4.87804e-11 2.05588e-10
-5.5009e-11 2.17531e-10
-6.15866e-11 2.29285e-10
-6.85074e-11 2.40841e-10
-7.57654e-11 2.52188e-10
-8.33542e-11 2.63316e-10
-9.12674e-11 2.74216e-10
-9.94981e-11 2.84878e-10
-1.08039e-10 2.95293e-10
-1.16883e-10 3.05453e-10
-1.26022e-10 3.15348e-10
-1.35449e-10 3.24969e-10
-1.45155e-10 3.34308e-10
-1.55131e-10 3.43358e-10
-1.6537e-10 3.5211e-10
-1.75861e-10 3.60557e-10
-1.86597e-10 3.68692e-10
-1.97568e-10 3.76507e-10
-2.08764e-10 3.83995e-10
-2.20176e-10 3.91151e-10
-2.31793e-10 3.97967e-10
-2.43606e-10 4.04439e-10
-2.55605e-10 4.1056e-10
-2.67778e-10 4.16325e-10
-2.80116e-10 4.21729e-10
-2.92608e-10 4.26768e-10
-3.05242e-10 4.31436e-10
-3.18009e-10 4.35731e-10
-3.30896e-10 4.39648e-10
-3.43893e-10 4.43184e-10
-3.56989e-10 4.46335e-10
-3.70172e-10 4.491e-10
-3.8343e-10 4.51476e-10
-3.96753e-10 4.5346e-10
-4.10128e-10 4.55051e-10
-4.23544e-10 4.56247e-10
-4.3699e-10 4.57049e-10
-4.50454e-10 4.57453e-10
-4.63923e-10 4.57462e-10
-4.77387e-10 4.57074e-10
-4.90834e-10 4.56289e-10
-5.04251e-10 4.55109e-10
-5.17629e-10 4.53535e-10
-5.30954e-10 4.51567e-10
-5.44215e-10 4.49208e-10
-5.57401e-10 4.4646e-10
-5.70501e-10 4.43324e-10
-5.83502e-10 4.39804e-10
-5.96395e-10 4.35903e-10
-6.09167e-10 4.31625e-10
-6.21807e-10 4.26972e-10
-6.34305e-10 4.21948e-10
-6.46649e-10 4.1656e-10
-6.5883e-10 4.1081e-10
-6.70836e-10 4.04703e-10
-6.82657e-10 3.98247e-10
-6.94283e-10 3.91444e-10
-7.05703e-10 3.84303e-10
-7.16909e-10 3.76828e-10
-7.27889e-10 3.69027e-10
-7.38635e-10 3.60906e-10
-7.49137e-10 3.52472e-10
-7.59387e-10 3.43733e-10
-7.69374e-10 3.34695e-10
-7.79092e-10 3.25368e-10
-7.8853e-10 3.15758e-10
-7.97682e-10 3.05875e-10
-8.06538e-10 2.95726e-10
-8.15092e-10 2.85322e-10
-8.23336e-10 2.74669e-10
-8.31263e-10 2.63779e-10
-8.38865e-10 2.5266e-10
-8.46137e-10 2.41323e-10
-8.53072e-10 2.29776e-10
-8.59665e-10 2.18029e-10
-8.65908e-10 2.06094e-10
-8.71797e-10 1.9398e-10
-8.77328e-10 1.81699e-10
-8.82494e-10 1.69259e-10
-8.87292e-10 1.56673e-10
-8.91717e-10 1.43951e-10
-8.95765e-10 1.31104e-10
-8.99434e-10 1.18144e-10
-9.0272e-10 1.05081e-10
-9.05619e-10 9.19277e-11
-9.0813e-10 7.86942e-11
-9.10251e-10 6.53926e-11
-9.11979e-10 5.20344e-11
-9.13312e-10 3.8631e-11
-9.14251e-10 2.51942e-11
-9.14794e-10 1.17356e-11
-9.1494e-10 -1.73318e-12
-9.1469e-10 -1.52004e-11
-9.14043e-10 -2.86544e-11
-9.13e-10 -4.20836e-11
-9.11563e-10 -5.54762e-11
-9.09732e-10 -6.88207e-11
-9.07509e-10 -8.21055e-11
-9.04895e-10 -9.53191e-11
-9.01894e-10 -1.0845e-10
-8.98508e-10 -1.21487e-10
-8.94739e-10 -1.34419e-10
-8.90591e-10 -1.47233e-10
-8.86068e-10 -1.59921e-10
-8.81173e-10 -1.72469e-10
-8.7591e-10 -1.84869e-10
-8.70285e-10 -1.97107e-10
-8.64302e-10 -2.09175e-10
-8.57967e-10 -2.21062e-10
-8.51284e-10 -2.32757e-10
-8.4426e-10 -2.4425e-10
-8.36901e-10 -2.55531e-10
-8.29212e-10 -2.66591e-10
-8.21201e-10 -2.77419e-10
-8.12875e-10 -2.88007e-10
-8.04241e-10 -2.98346e-10
-7.95307e-10 -3.08425e-10
-7.86079e-10 -3.18237e-10
-7.76566e-10 -3.27774e-10
-7.66777e-10 -3.37026e-10
-7.5672e-10 -3.45986e-10
-7.46403e-10 -3.54646e-10
-7.35836e-10 -3.62998e-10
-7.25028e-10 -3.71036e-10
-7.13987e-10 -3.78752e-10
-7.02725e-10 -3.8614e-10
-6.91249e-10 -3.93193e-10
-6.79571e-10 -3.99905e-10
-6.677e-10 -4.0627e-10
-6.55648e-10 -4.12283e-10
-6.43423e-10 -4.17939e-10
-6.31037e-10 -4.23232e-10
-6.18501e-10 -4.28158e-10
-6.05825e-10 -4.32714e-10
-5.9302e-10 -4.36894e-10
-5.80098e-10 -4.40695e-10
-5.6707e-10 -4.44114e-10
-5.53946e-10 -4.47148e-10
-5.40739e-10 -4.49794e-10
-5.2746e-10 -4.52051e-10
-5.1412e-10 -4.53915e-10
-5.00731e-10 -4.55386e-10
-4.87305e-10 -4.56462e-10
-4.73852e-10 -4.57143e-10
-4.60386e-10 -4.57427e-10
-4.46917e-10 -4.57314e-10
-4.33457e-10 -4.56805e-10
-4.20018e-10 -4.559e-10
-4.06611e-10 -4.546e-10
-3.93248e-10 -4.52906e-10
-3.79942e-10 -4.50819e-10
-3.66702e-10 -4.48341e-10
-3.53541e-10 -4.45474e-10
-3.4047e-10 -4.42221e-10
-3.27501e-10 -4.38585e-10
-3.14644e-10 -4.34568e-10
-3.01911e-10 -4.30175e-10
-2.89313e-10 -4.25409e-10
-2.76861e-10 -4.20274e-10
-2.64565e-10 -4.14774e-10
-2.52436e-10 -4.08915e-10
-2.40486e-10 -4.02702e-10
-2.28723e-10 -3.96139e-10
-2.17159e-10 -3.89233e-10
-2.05803e-10 -3.81989e-10
-1.94665e-10 -3.74415e-10
-1.83755e-10 -3.66515e-10
-1.73082e-10 -3.58298e-10
-1.62656e-10 -3.4977e-10
-1.52485e-10 -3.40939e-10
-1.42579e-10 -3.31812e-10
-1.32946e-10 -3.22398e-10
-1.23594e-10 -3.12704e-10
-1.14532e-10 -3.02739e-10
-1.05766e-10 -2.92512e-10
-9.73063e-11 -2.8203e-10
-8.91583e-11 -2.71305e-10
-8.13296e-11 -2.60344e-10
-7.3827e-11 -2.49157e-10
-6.6657e-11 -2.37755e-10
-5.98258e-11 -2.26146e-10
-5.33393e-11 -2.14341e-10
-4.72032e-11 -2.0235e-10
-4.14227e-11 -1.90184e-10
-3.60029e-11 -1.77853e-10
-3.09485e-11 -1.65368e-10
-2.62639e-11 -1.52739e-10
-2.1953e-11 -1.39978e-10
-1.80198e-11 -1.27096e-10
-1.44675e-11 -1.14103e-10
-1.12992e-11 -1.01011e-10
-8.51778e-12 -8.78322e-11
-6.12553e-12 -7.45767e-11
-4.12456e-12 -6.12566e-11
-2.51661e-12 -4.78834e-11
-1.30307e-12 -3.44686e-11
-4.84988e-13 -2.1024e-11
-6.30753e-14 -7.56101e-12
-3.76985e-14 5.90852e-12
-4.08879e-13 1.9373e-11
-1.1763e-12 3.28206e-11
-2.33928e-12 4.62399e-11
-3.89683e-12 5.96191e-11
-5.84759e-12 7.29466e-11
-8.18988e-12 8.6211e-11
-1.09217e-11 9.94006e-11
-1.40405e-11 1.12504e-10
-1.75439e-11 1.2551e-10
-2.14286e-11 1.38407e-10
-2.56913e-11 1.51185e-10
-3.03283e-11 1.63831e-10
-3.53356e-11 1.76335e-10
-4.07089e-11 1.88686e-10
-4.64435e-11 2.00874e-10
-5.25344e-11 2.12888e-10
-5.89763e-11 2.24717e-10
-6.57638e-11 2.36352e-10
-7.28908e-11 2.47781e-10
-8.03512e-11 2.58996e-10
-8.81385e-11 2.69986e-10
-9.6246e-11 2.80742e-10
-1.04667e-10 2.91255e-10
-1.13393e-10 3.01516e-10
-1.22418e-10 3.11515e-10
-1.31733e-10 3.21244e-10
-1.41331e-10 3.30695e-10
-1.51203e-10 3.39858e-10
-1.6134e-10 3.48728e-10
-1.71734e-10 3.57295e-10
-1.82375e-10 3.65552e-10
-1.93256e-10 3.73493e-10
-2.04365e-10 3.81109e-10
-2.15693e-10 3.88396e-10
-2.27232e-10 3.95345e-10
-2.3897e-10 4.01952e-10
-2.50897e-10 4.08211e-10
-2.63003e-10 4.14116e-10
-2.75278e-10 4.19661e-10
-2.87711e-10 4.24843e-10
-3.00291e-10 4.29657e-10
-3.13007e-10 4.34098e-10
-3.25849e-10 4.38163e-10
-3.38804e-10 4.41848e-10
-3.51863e-10 4.4515e-10
-3.65013e-10 4.48067e-10
-3.78243e-10 4.50594e-10
-3.91542e-10 4.52732e-10
-4.04898e-10 4.54476e-10
-4.183e-10 4.55827e-10
-4.31736e-10 4.56783e-10
-4.45194e-10 4.57342e-10
-4.58662e-10 4.57506e-10
-4.7213e-10 4.57272e-10
-4.85584e-10 4.56643e-10
-4.99015e-10 4.55617e-10
-5.12409e-10 4.54197e-10
-5.25756e-10 4.52382e-10
-5.39044e-10 4.50176e-10
-5.52261e-10 4.47579e-10
-5.65395e-10 4.44595e-10
-5.78437e-10 4.41225e-10
-5.91373e-10 4.37472e-10
-6.04193e-10 4.33341e-10
-6.16886e-10 4.28833e-10
-6.29441e-10 4.23954e-10
-6.41847e-10 4.18708e-10
-6.54093e-10 4.13098e-10
-6.66168e-10 4.0713e-10
-6.78063e-10 4.0081e-10
-6.89766e-10 3.94142e-10
-7.01268e-10 3.87132e-10
-7.12558e-10 3.79787e-10
-7.23628e-10 3.72113e-10
-7.34466e-10 3.64116e-10
-7.45065e-10 3.55803e-10
-7.55414e-10 3.47182e-10
-7.65505e-10 3.3826e-10
-7.75329e-10 3.29045e-10
-7.84877e-10 3.19544e-10
-7.94142e-10 3.09767e-10
-8.03115e-10 2.99721e-10
-8.11788e-10 2.89415e-10
-8.20153e-10 2.78859e-10
-8.28205e-10 2.68061e-10
-8.35935e-10 2.5703e-10
-8.43337e-10 2.45776e-10
-8.50404e-10 2.3431e-10
-8.57131e-10 2.2264e-10
-8.63511e-10 2.10778e-10
-8.6954e-10 1.98733e-10
-8.75211e-10 1.86515e-10
-8.8052e-10 1.74136e-10
-8.85462e-10 1.61606e-10
-8.90033e-10 1.48936e-10
-8.94229e-10 1.36136e-10
-8.98047e-10 1.23219e-10
-9.01482e-10 1.10195e-10
-9.04533e-10 9.70754e-11
-9.07196e-10 8.38718e-11
-9.09469e-10 7.05954e-11
-9.11351e-10 5.72579e-11
-9.12838e-10 4.38708e-11
-9.13932e-10 3.04457e-11
-9.14629e-10 1.69942e-11
-9.1493e-10 3.528e-12
-9.14835e-10 -9.94121e-12
-9.14343e-10 -2.34018e-11
-9.13455e-10 -3.6842e-11
-9.12171e-10 -5.02503e-11
-9.10494e-10 -6.3615e-11
-9.08424e-10 -7.69245e-11
-9.05962e-10 -9.01673e-11
-9.03112e-10 -1.03332e-10
-8.99876e-10 -1.16407e-10
-8.96256e-10 -1.29381e-10
-8.92256e-10 -1.42243e-10
-8.87879e-10 -1.54981e-10
-8.83128e-10 -1.67585e-10
-8.78009e-10 -1.80044e-10
-8.72525e-10 -1.92347e-10
-8.66682e-10 -2.04483e-10
-8.60483e-10 -2.16441e-10
-8.53935e-10 -2.28212e-10
-8.47044e-10 -2.39785e-10
-8.39815e-10 -2.5115e-10
-8.32254e-10 -2.62298e-10
-8.24368e-10 -2.73218e-10
-8.16165e-10 -2.83901e-10
-8.0765e-10 -2.94338e-10
-7.98832e-10 -3.0452e-10
-7.89717e-10 -3.14437e-10
-7.80315e-10 -3.24082e-10
-7.70633e-10 -3.33447e-10
-7.6068e-10 -3.42522e-10
-7.50463e-10 -3.513e-10
-7.39993e-10 -3.59773e-10
-7.29278e-10 -3.67935e-10
-7.18327e-10 -3.75777e-10
-7.0715e-10 -3.83294e-10
-6.95756e-10 -3.90478e-10
-6.84156e-10 -3.97324e-10
-6.72359e-10 -4.03826e-10
-6.60376e-10 -4.09977e-10
-6.48217e-10 -4.15773e-10
-6.35893e-10 -4.21208e-10
