2.82681e-19 6.73486e-15
-6.59863e-14 6.74117e-12
-2.64353e-13 1.3473e-11
-5.95024e-13 2.01996e-11
-1.05787e-12 2.69185e-11
-1.65272e-12 3.36269e-11
-2.37933e-12 4.03223e-11
-3.23742e-12 4.70022e-11
-4.22668e-12 5.36639e-11
-5.3467e-12 6.03049e-11
-6.59707e-12 6.69226e-11
-7.97729e-12 7.35144e-11
-9.48683e-12 8.00778e-11
-1.11251e-11 8.66102e-11
-1.28915e-11 9.31092e-11
-1.47853e-11 9.95722e-11
-1.68058e-11 1.05997e-10
-1.89522e-11 1.1238e-10
-2.12237e-11 1.1872e-10
-2.36194e-11 1.25015e-10
-2.61384e-11 1.31261e-10
-2.87797e-11 1.37456e-10
-3.15422e-11 1.43598e-10
-3.4425e-11 1.49684e-10
-3.74269e-11 1.55713e-10
-4.05467e-11 1.61682e-10
-4.37832e-11 1.67588e-10
-4.71353e-11 1.73429e-10
-5.06015e-11 1.79203e-10
-5.41805e-11 1.84908e-10
-5.78711e-11 1.90542e-10
-6.16716e-11 1.96102e-10
-6.55808e-11 2.01586e-10
-6.9597e-11 2.06992e-10
-7.37187e-11 2.12318e-10
-7.79443e-11 2.17563e-10
-8.22722e-11 2.22723e-10
-8.67007e-11 2.27797e-10
-9.1228e-11 2.32783e-10
-9.58526e-11 2.37679e-10
-1.00572e-10 2.42483e-10
-1.05386e-10 2.47193e-10
-1.10291e-10 2.51808e-10
-1.15286e-10 2.56326e-10
-1.20369e-10 2.60744e-10
-1.25537e-10 2.65062e-10
-1.3079e-10 2.69277e-10
-1.36124e-10 2.73388e-10
-1.41538e-10 2.77394e-10
-1.4703e-10 2.81292e-10
-1.52597e-10 2.85082e-10
-1.58238e-10 2.88761e-10
-1.6395e-10 2.92329e-10
-1.69731e-10 2.95784e-10
-1.75579e-10 2.99124e-10
-1.81492e-10 3.02349e-10
-1.87466e-10 3.05457e-10
-1.93501e-10 3.08447e-10
-1.99593e-10 3.11318e-10
-2.05741e-10 3.14068e-10
-2.11941e-10 3.16697e-10
-2.18192e-10 3.19204e-10
-2.24491e-10 3.21587e-10
-2.30836e-10 3.23846e-10
-2.37224e-10 3.2598e-10
-2.43652e-10 3.27988e-10
-2.50119e-10 3.29869e-10
-2.56621e-10 3.31622e-10
-2.63157e-10 3.33248e-10
-2.69723e-10 3.34744e-10
-2.76318e-10 3.36112e-10
-2.82938e-10 3.37349e-10
-2.89581e-10 3.38456e-10
-2.96245e-10 3.39432e-10
-3.02926e-10 3.40277e-10
-3.09623e-10 3.4099e-10
-3.16333e-10 3.41572e-10
-3.23052e-10 3.42021e-10
-3.2978e-10 3.42339e-10
-3.36512e-10 3.42524e-10
-3.43247e-10 3.42576e-10
-3.49981e-10 3.42497e-10
-3.56712e-10 3.42285e-10
-3.63438e-10 3.4194e-10
-3.70156e-10 3.41464e-10
-3.76863e-10 3.40855e-10
-3.83557e-10 3.40115e-10
-3.90235e-10 3.39243e-10
-3.96895e-10 3.3824e-10
-4.03534e-10 3.37107e-10
-4.10149e-10 3.35843e-10
-4.16738e-10 3.34449e-10
-4.23298e-10 3.32927e-10
-4.29827e-10 3.31275e-10
-4.36323e-10 3.29495e-10
-4.42782e-10 3.27588e-10
-4.49202e-10 3.25555e-10
-4.55581e-10 3.23395e-10
-4.61917e-10 3.21111e-10
-4.68206e-10 3.18702e-10
-4.74447e-10 3.16171e-10
-4.80637e-10 3.13517e-10
-4.86773e-10 3.10742e-10
-4.92854e-10 3.07847e-10
-4.98876e-10 3.04832e-10
-5.04839e-10 3.017e-10
-5.10738e-10 2.98452e-10
-5.16573e-10 2.95088e-10
-5.2234e-10 2.9161e-10
-5.28037e-10 2.88019e-10
-5.33663e-10 2.84317e-10
-5.39216e-10 2.80505e-10
-5.44692e-10 2.76585e-10
-5.5009e-10 2.72558e-10
-5.55408e-10 2.68425e-10
-5.60643e-10 2.64189e-10
-5.65794e-10 2.59851e-10
-5.70859e-10 2.55412e-10
-5.75836e-10 2.50874e-10
-5.80723e-10 2.4624e-10
-5.85517e-10 2.4151e-10
-5.90218e-10 2.36687e-10
-5.94823e-10 2.31773e-10
-5.9933e-10 2.26769e-10
-6.03738e-10 2.21677e-10
-6.08045e-10 2.16499e-10
-6.1225e-10 2.11238e-10
-6.1635e-10 2.05896e-10
-6.20344e-10 2.00473e-10
-6.24232e-10 1.94974e-10
-6.2801e-10 1.89399e-10
-6.31678e-10 1.8375e-10
-6.35234e-10 1.78031e-10
-6.38677e-10 1.72243e-10
-6.42005e-10 1.66388e-10
-6.45218e-10 1.60469e-10
-6.48314e-10 1.54488e-10
-6.51292e-10 1.48447e-10
-6.5415e-10 1.42349e-10
-6.56888e-10 1.36196e-10
-6.59504e-10 1.2999e-10
-6.61998e-10 1.23734e-10
-6.64369e-10 1.1743e-10
-6.66615e-10 1.11081e-10
-6.68736e-10 1.04689e-10
-6.7073e-10 9.82566e-11
-6.72598e-10 9.1786e-11
-6.74338e-10 8.528e-11
-6.75951e-10 7.87411e-11
-6.77434e-10 7.21716e-11
-6.78787e-10 6.55744e-11
-6.80011e-10 5.89517e-11
-6.81105e-10 5.23063e-11
-6.82067e-10 4.56407e-11
-6.82898e-10 3.89574e-11
-6.83598e-10 3.22591e-11
-6.84166e-10 2.55484e-11
-6.84602e-10 1.88277e-11
-6.84906e-10 1.20998e-11
-6.85077e-10 5.36725e-12
-6.85116e-10 -1.36739e-12
-6.85023e-10 -8.1015e-12
-6.84797e-10 -1.48325e-11
-6.84439e-10 -2.15577e-11
-6.83949e-10 -2.82746e-11
-6.83326e-10 -3.49805e-11
-6.82572e-10 -4.1673e-11
-6.81687e-10 -4.83493e-11
-6.80671e-10 -5.50069e-11
-6.79524e-10 -6.16433e-11
-6.78246e-10 -6.82558e-11
-6.76839e-10 -7.48419e-11
-6.75303e-10 -8.13991e-11
-6.73638e-10 -8.79248e-11
-6.71845e-10 -9.44166e-11
-6.69925e-10 -1.00872e-10
-6.67878e-10 -1.07288e-10
-6.65706e-10 -1.13663e-10
-6.63409e-10 -1.19994e-10
-6.60987e-10 -1.26278e-10
-6.58443e-10 -1.32514e-10
-6.55776e-10 -1.38698e-10
-6.52989e-10 -1.44829e-10
-6.50081e-10 -1.50904e-10
-6.47055e-10 -1.5692e-10
-6.43911e-10 -1.62876e-10
-6.4065e-10 -1.68769e-10
-6.37274e-10 -1.74596e-10
-6.33785e-10 -1.80356e-10
-6.30182e-10 -1.86047e-10
-6.26469e-10 -1.91665e-10
-6.22646e-10 -1.9721e-10
-6.18714e-10 -2.02678e-10
-6.14676e-10 -2.08068e-10
-6.10533e-10 -2.13377e-10
-6.06286e-10 -2.18604e-10
-6.01937e-10 -2.23746e-10
-5.97488e-10 -2.28802e-10
-5.9294e-10 -2.3377e-10
-5.88296e-10 -2.38647e-10
-5.83556e-10 -2.43431e-10
-5.78724e-10 -2.48122e-10
-5.738e-10 -2.52717e-10
-5.68787e-10 -2.57214e-10
-5.63686e-10 -2.61612e-10
-5.585e-10 -2.65909e-10
-5.5323e-10 -2.70102e-10
-5.47879e-10 -2.74192e-10
-5.42449e-10 -2.78175e-10
-5.36941e-10 -2.82051e-10
-5.31358e-10 -2.85818e-10
-5.25702e-10 -2.89474e-10
-5.19976e-10 -2.93019e-10
-5.14181e-10 -2.9645e-10
-5.08319e-10 -2.99767e-10
-5.02394e-10 -3.02967e-10
-4.96406e-10 -3.06051e-10
-4.9036e-10 -3.09016e-10
-4.84256e-10 -3.11862e-10
-4.78097e-10 -3.14588e-10
-4.71886e-10 -3.17191e-10
-4.65625e-10 -3.19673e-10
-4.59316e-10 -3.2203e-10
-4.52962e-10 -3.24263e-10
-4.46566e-10 -3.26371e-10
-4.40129e-10 -3.28353e-10
-4.33655e-10 -3.30207e-10
-4.27145e-10 -3.31934e-10
-4.20603e-10 -3.33533e-10
-4.14031e-10 -3.35003e-10
-4.07431e-10 -3.36343e-10
-4.00806e-10 -3.37554e-10
-3.94158e-10 -3.38633e-10
-3.8749e-10 -3.39582e-10
-3.80806e-10 -3.404e-10
-3.74106e-10 -3.41086e-10
-3.67394e-10 -3.4164e-10
-3.60672e-10 -3.42062e-10
-3.53944e-10 -3.42352e-10
-3.47211e-10 -3.4251e-10
-3.40476e-10 -3.42535e-10
-3.33742e-10 -3.42428e-10
-3.27012e-10 -3.42189e-10
-3.20287e-10 -3.41817e-10
-3.13571e-10 -3.41313e-10
-3.06867e-10 -3.40677e-10
-3.00176e-10 -3.3991e-10
-2.93501e-10 -3.39011e-10
-2.86846e-10 -3.37981e-10
-2.80212e-10 -3.3682e-10
-2.73602e-10 -3.35529e-10
-2.67019e-10 -3.34109e-10
-2.60465e-10 -3.32559e-10
-2.53942e-10 -3.30881e-10
-2.47454e-10 -3.29075e-10
-2.41003e-10 -3.27142e-10
-2.34591e-10 -3.25082e-10
-2.28221e-10 -3.22896e-10
-2.21895e-10 -3.20586e-10
-2.15615e-10 -3.18152e-10
-2.09385e-10 -3.15595e-10
-2.03206e-10 -3.12916e-10
-1.97081e-10 -3.10116e-10
-1.91012e-10 -3.07196e-10
-1.85001e-10 -3.04157e-10
-1.79052e-10 -3.01001e-10
-1.73166e-10 -2.97728e-10
-1.67345e-10 -2.94341e-10
-1.61592e-10 -2.90839e-10
-1.55909e-10 -2.87225e-10
-1.50298e-10 -2.83501e-10
-1.44762e-10 -2.79666e-10
-1.39302e-10 -2.75723e-10
-1.3392e-10 -2.71674e-10
-1.28619e-10 -2.6752e-10
-1.23401e-10 -2.63263e-10
-1.18267e-10 -2.58903e-10
-1.13221e-10 -2.54444e-10
-1.08262e-10 -2.49886e-10
-1.03395e-10 -2.45232e-10
-9.86196e-11 -2.40482e-10
-9.39387e-11 -2.3564e-10
-8.93539e-11 -2.30707e-10
-8.4867e-11 -2.25685e-10
-8.04797e-11 -2.20575e-10
-7.61937e-11 -2.1538e-10
-7.20106e-11 -2.10102e-10
-6.79321e-11 -2.04743e-10
-6.39598e-11 -1.99304e-10
-6.00951e-11 -1.93789e-10
-5.63396e-11 -1.88198e-10
-5.26948e-11 -1.82535e-10
-4.9162e-11 -1.76801e-10
-4.57426e-11 -1.70999e-10
-4.24379e-11 -1.65131e-10
-3.92492e-11 -1.59199e-10
-3.61778e-11 -1.53205e-10
-3.32247e-11 -1.47152e-10
-3.03913e-11 -1.41043e-10
-2.76785e-11 -1.34878e-10
-2.50874e-11 -1.28662e-10
-2.2619e-11 -1.22396e-10
-2.02743e-11 -1.16082e-10
-1.80541e-11 -1.09724e-10
-1.59594e-11 -1.03323e-10
-1.39909e-11 -9.68828e-11
-1.21495e-11 -9.04047e-11
-1.04357e-11 -8.38916e-11
-8.85028e-12 -7.73461e-11
-7.39387e-12 -7.07707e-11
-6.067e-12 -6.4168e-11
-4.87019e-12 -5.75404e-11
-3.80391e-12 -5.08906e-11
-2.86856e-12 -4.42211e-11
-2.06451e-12 -3.75345e-11
-1.39207e-12 -3.08334e-11
-8.51494e-13 -2.41204e-11
-4.42997e-13 -1.7398e-11
-1.66735e-13 -1.0669e-11
-2.28139e-14 -3.93574e-12
-1.12903e-14 2.79901e-12
-1.32168e-13 9.53268e-12
-3.85402e-13 1.62627e-11
-7.70892e-13 2.29864e-11
-1.28849e-12 2.97012e-11
-1.938e-12 3.64046e-11
-2.71916e-12 4.30939e-11
-3.63168e-12 4.97665e-11
-4.6752e-12 5.642e-11
-5.84932e-12 6.30516e-11
-7.15358e-12 6.96588e-11
-8.58749e-12 7.62392e-11
-1.01505e-11 8.27901e-11
-1.1842e-11 8.93089e-11
-1.36613e-11 9.57933e-11
-1.56077e-11 1.02241e-10
-1.76805e-11 1.08648e-10
-1.98789e-11 1.15014e-10
-2.2202e-11 1.21336e-10
-2.46489e-11 1.2761e-10
-2.72187e-11 1.33835e-10
-2.99104e-11 1.40009e-10
-3.27229e-11 1.46128e-10
-3.56552e-11 1.52191e-10
-3.87061e-11 1.58195e-10
-4.18745e-11 1.64138e-10
-4.51591e-11 1.70018e-10
-4.85586e-11 1.75831e-10
-5.20718e-11 1.81577e-10
-5.56972e-11 1.87253e-10
-5.94335e-11 1.92856e-10
-6.32793e-11 1.98385e-10
-6.7233e-11 2.03837e-10
-7.12931e-11 2.0921e-10
-7.54581e-11 2.14503e-10
-7.97263e-11 2.19712e-10
-8.40961e-11 2.24837e-10
-8.85658e-11 2.29875e-10
-9.31337e-11 2.34824e-10
-9.7798e-11 2.39682e-10
-1.02557e-10 2.44447e-10
-1.07409e-10 2.49118e-10
-1.12351e-10 2.53693e-10
-1.17383e-10 2.5817e-10
-1.22501e-10 2.62546e-10
-1.27705e-10 2.66822e-10
-1.32991e-10 2.70994e-10
-1.38359e-10 2.75062e-10
-1.43806e-10 2.79023e-10
-1.49329e-10 2.82876e-10
-1.54927e-10 2.86621e-10
-1.60598e-10 2.90254e-10
-1.66339e-10 2.93775e-10
-1.72148e-10 2.97183e-10
-1.78023e-10 3.00475e-10
-1.83961e-10 3.03652e-10
-1.89961e-10 3.06711e-10
-1.9602e-10 3.09652e-10
-2.02136e-10 3.12473e-10
-2.08305e-10 3.15173e-10
-2.14527e-10 3.17751e-10
-2.20798e-10 3.20207e-10
-2.27116e-10 3.22539e-10
-2.33479e-10 3.24746e-10
-2.39884e-10 3.26828e-10
-2.46329e-10 3.28783e-10
-2.52811e-10 3.30611e-10
-2.59327e-10 3.32312e-10
-2.65876e-10 3.33884e-10
-2.72454e-10 3.35327e-10
-2.7906e-10 3.3664e-10
-2.8569e-10 3.37824e-10
-2.92342e-10 3.38876e-10
-2.99013e-10 3.39798e-10
-3.05701e-10 3.40588e-10
-3.12404e-10 3.41247e-10
-3.19118e-10 3.41774e-10
-3.25841e-10 3.42169e-10
-3.3257e-10 3.42432e-10
-3.39304e-10 3.42562e-10
-3.46039e-10 3.4256e-10
-3.52772e-10 3.42425e-10
-3.59502e-10 3.42158e-10
-3.66225e-10 3.41759e-10
-3.72938e-10 3.41227e-10
-3.7964e-10 3.40564e-10
-3.86328e-10 3.3977e-10
-3.92999e-10 3.38843e-10
-3.9965e-10 3.37786e-10
-4.06279e-10 3.36599e-10
-4.12884e-10 3.35281e-10
-4.19461e-10 3.33834e-10
-4.26009e-10 3.32257e-10
-4.32524e-10 3.30553e-10
-4.39005e-10 3.2872e-10
-4.45448e-10 3.26761e-10
-4.51852e-10 3.24675e-10
-4.58213e-10 3.22463e-10
-4.6453e-10 3.20127e-10
-4.708e-10 3.17668e-10
-4.77019e-10 3.15085e-10
-4.83187e-10 3.12381e-10
-4.89301e-10 3.09556e-10
-4.95358e-10 3.06611e-10
-5.01356e-10 3.03548e-10
-5.07292e-10 3.00368e-10
-5.13165e-10 2.97071e-10
-5.18972e-10 2.9366e-10
-5.24711e-10 2.90135e-10
-5.30379e-10 2.86498e-10
-5.35975e-10 2.8275e-10
-5.41495e-10 2.78893e-10
-5.46939e-10 2.74928e-10
-5.52304e-10 2.70857e-10
-5.57588e-10 2.66681e-10
-5.62789e-10 2.62403e-10
-5.67905e-10 2.58022e-10
-5.72934e-10 2.53542e-10
-5.77873e-10 2.48964e-10
-5.82722e-10 2.4429e-10
-5.87477e-10 2.39522e-10
-5.92139e-10 2.34661e-10
-5.96703e-10 2.29709e-10
-6.0117e-10 2.24668e-10
-6.05536e-10 2.19541e-10
-6.09801e-10 2.14328e-10
-6.13962e-10 2.09033e-10
-6.18019e-10 2.03657e-10
-6.21969e-10 1.98202e-10
-6.25811e-10 1.92671e-10
-6.29544e-10 1.87065e-10
-6.33166e-10 1.81387e-10
-6.36675e-10 1.75639e-10
-6.40071e-10 1.69823e-10
-6.43352e-10 1.63942e-10
-6.46516e-10 1.57997e-10
-6.49563e-10 1.51991e-10
-6.52491e-10 1.45926e-10
-6.553e-10 1.39805e-10
-6.57988e-10 1.33629e-10
-6.60553e-10 1.27402e-10
-6.62996e-10 1.21126e-10
-6.65315e-10 1.14803e-10
-6.67509e-10 1.08436e-10
-6.69578e-10 1.02027e-10
-6.7152e-10 9.55783e-11
-6.73335e-10 8.90928e-11
-6.75022e-10 8.25728e-11
-6.76581e-10 7.60209e-11
-6.78011e-10 6.94396e-11
-6.79311e-10 6.28315e-11
-6.8048e-10 5.61991e-11
-6.8152e-10 4.9545e-11
-6.82428e-10 4.28718e-11
-6.83205e-10 3.6182e-11
-6.8385e-10 2.94782e-11
-6.84363e-10 2.2763e-11
-6.84744e-10 1.60391e-11
-6.84993e-10 9.30889e-12
-6.85109e-10 2.57514e-12
-6.85093e-10 -4.15959e-12
-6.84945e-10 -1.08927e-11
-6.84664e-10 -1.76216e-11
-6.84252e-10 -2.43437e-11
-6.83707e-10 -3.10564e-11
-6.8303e-10 -3.7757e-11
-6.82221e-10 -4.44431e-11
-6.81282e-10 -5.1112e-11
-6.80211e-10 -5.77611e-11
-6.7901e-10 -6.43879e-11
-6.77679e-10 -7.09898e-11
-6.76218e-10 -7.75642e-11
-6.74628e-10 -8.41086e-11
-6.7291e-10 -9.06206e-11
-6.71065e-10 -9.70975e-11
-6.69092e-10 -1.03537e-10
-6.66993e-10 -1.09936e-10
-6.64769e-10 -1.16293e-10
-6.6242e-10 -1.22605e-10
-6.59947e-10 -1.28869e-10
-6.57352e-10 -1.35084e-10
-6.54635e-10 -1.41247e-10
-6.51798e-10 -1.47354e-10
-6.48841e-10 -1.53405e-10
-6.45766e-10 -1.59397e-10
-6.42573e-10 -1.65327e-10
-6.39264e-10 -1.71193e-10
-6.35841e-10 -1.76993e-10
-6.32305e-10 -1.82724e-10
-6.28656e-10 -1.88385e-10
-6.24897e-10 -1.93973e-10
-6.21029e-10 -1.99486e-10
-6.17053e-10 -2.04922e-10
-6.12971e-10 -2.10279e-10
-6.08784e-10 -2.15554e-10
-6.04495e-10 -2.20746e-10
-6.00104e-10 -2.25853e-10
-5.95614e-10 -2.30872e-10
-5.91026e-10 -2.35803e-10
-5.86342e-10 -2.40642e-10
-5.81564e-10 -2.45388e-10
-5.76693e-10 -2.50039e-10
-5.71732e-10 -2.54594e-10
-5.66682e-10 -2.5905e-10
-5.61546e-10 -2.63406e-10
-5.56325e-10 -2.6766e-10
-5.51021e-10 -2.71811e-10
-5.45637e-10 -2.75856e-10
-5.40174e-10 -2.79795e-10
-5.34635e-10 -2.83626e-10
-5.29022e-10 -2.87347e-10
-5.23337e-10 -2.90958e-10
-5.17581e-10 -2.94455e-10
-5.11758e-10 -2.97839e-10
-5.0587e-10 -3.01108e-10
-4.99919e-10 -3.0426e-10
-4.93906e-10 -3.07295e-10
-4.87836e-10 -3.10211e-10
-4.81709e-10 -3.13007e-10
-4.75528e-10 -3.15682e-10
-4.69296e-10 -3.18235e-10
-4.63015e-10 -3.20665e-10
-4.56687e-10 -3.22971e-10
-4.50315e-10 -3.25152e-10
-4.43902e-10 -3.27208e-10
-4.37449e-10 -3.29137e-10
-4.3096e-10 -3.30939e-10
-4.24437e-10 -3.32613e-10
-4.17882e-10 -3.34158e-10
-4.11298e-10 -3.35574e-10
-4.04687e-10 -3.36861e-10
-3.98052e-10 -3.38017e-10
-3.91396e-10 -3.39043e-10
-3.84721e-10 -3.39937e-10
-3.78029e-10 -3.407e-10
-3.71324e-10 -3.41332e-10
-3.64608e-10 -3.41831e-10
-3.57883e-10 -3.42199e-10
-3.51153e-10 -3.42434e-10
-3.44419e-10 -3.42537e-10
-3.37684e-10 -3.42507e-10
-3.30951e-10 -3.42345e-10
-3.24223e-10 -3.42051e-10
-3.17502e-10 -3.41624e-10
-3.1079e-10 -3.41065e-10
-3.04091e-10 -3.40375e-10
-2.97407e-10 -3.39553e-10
-2.9074e-10 -3.386e-10
-2.84093e-10 -3.37515e-10
-2.77468e-10 -3.36301e-10
-2.70869e-10 -3.34956e-10
-2.64298e-10 -3.33482e-10
-2.57757e-10 -3.31879e-10
-2.51248e-10 -3.30148e-10
-2.44775e-10 -3.28289e-10
-2.3834e-10 -3.26303e-10
-2.31945e-10 -3.24191e-10
-2.25592e-10 -3.21954e-10
-2.19285e-10 -3.19592e-10
-2.13026e-10 -3.17107e-10
-2.06816e-10 -3.14499e-10
-2.0066e-10 -3.1177e-10
-1.94557e-10 -3.0892e-10
-1.88513e-10 -3.0595e-10
-1.82527e-10 -3.02863e-10
-1.76604e-10 -2.99658e-10
-1.70745e-10 -2.96338e-10
-1.64952e-10 -2.92903e-10
-1.59227e-10 -2.89355e-10
-1.53574e-10 -2.85694e-10
-1.47994e-10 -2.81924e-10
-1.42489e-10 -2.78044e-10
-1.37061e-10 -2.74058e-10
-1.31712e-10 -2.69965e-10
-1.26445e-10 -2.65767e-10
-1.21262e-10 -2.61467e-10
-1.16164e-10 -2.57066e-10
-1.11154e-10 -2.52566e-10
-1.06233e-10 -2.47968e-10
-1.01404e-10 -2.43274e-10
-9.66673e-11 -2.38486e-10
-9.20261e-11 -2.33606e-10
-8.74816e-11 -2.28635e-10
-8.30358e-11 -2.23577e-10
-7.86903e-11 -2.18431e-10
-7.44468e-11 -2.13202e-10
-7.03069e-11 -2.0789e-10
-6.62722e-11 -2.02497e-10
-6.23443e-11 -1.97027e-10
-5.85247e-11 -1.9148e-10
-5.48149e-11 -1.85859e-10
-5.12164e-11 -1.80166e-10
-4.77304e-11 -1.74404e-10
-4.43584e-11 -1.68574e-10
-4.11017e-11 -1.62679e-10
-3.79615e-11 -1.56721e-10
-3.4939e-11 -1.50703e-10
-3.20354e-11 -1.44626e-10
-2.92518e-11 -1.38493e-10
-2.65894e-11 -1.32307e-10
-2.4049e-11 -1.2607e-10
-2.16318e-11 -1.19784e-10
-1.93386e-11 -1.13452e-10
-1.71704e-11 -1.07075e-10
-1.51279e-11 -1.00658e-10
-1.3212e-11 -9.42013e-11
-1.14234e-11 -8.77084e-11
-9.76276e-12 -8.11816e-11
-8.23076e-12 -7.46234e-11
-6.82799e-12 -6.80364e-11
-5.55499e-12 -6.1423e-11
-4.41224e-12 -5.47859e-11
-3.4002e-12 -4.81276e-11
-2.51925e-12 -4.14508e-11
-1.76973e-12 -3.47578e-11
-1.15193e-12 -2.80515e-11
-6.66092e-13 -2.13343e-11
-3.12403e-13 -1.46088e-11
-9.10001e-14 -7.87769e-12
-1.96788e-15 -1.14352e-12
-4.5341e-14 5.59109e-12
-2.21103e-13 1.23236e-11
-5.29185e-13 1.90513e-11
-9.69468e-13 2.57716e-11
-1.54178e-12 3.2482e-11
-2.24591e-12 3.91799e-11
-3.08157e-12 4.58626e-11
-4.04845e-12 5.25276e-11
-5.14617e-12 5.91722e-11
-6.37431e-12 6.57941e-11
-7.73238e-12 7.23905e-11
-9.21988e-12 7.89589e-11
-1.08362e-11 8.54968e-11
-1.25808e-11 9.20017e-11
-1.44529e-11 9.8471e-11
-1.64518e-11 1.04902e-10
-1.85768e-11 1.11293e-10
-2.0827e-11 1.17641e-10
-2.32015e-11 1.23943e-10
-2.56995e-11 1.30197e-10
-2.83199e-11 1.36401e-10
-3.10619e-11 1.42553e-10
-3.39242e-11 1.48649e-10
-3.69058e-11 1.54688e-10
-4.00055e-11 1.60667e-10
-4.32222e-11 1.66584e-10
-4.65546e-11 1.72436e-10
-5.00014e-11 1.78222e-10
-5.35613e-11 1.83939e-10
-5.72329e-11 1.89585e-10
-6.10148e-11 1.95158e-10
-6.49055e-11 2.00655e-10
-6.89035e-11 2.06075e-10
-7.30073e-11 2.11415e-10
-7.72153e-11 2.16673e-10
-8.15258e-11 2.21847e-10
-8.59373e-11 2.26936e-10
-9.04479e-11 2.31937e-10
-9.50559e-11 2.36849e-10
-9.97597e-11 2.41669e-10
-1.04557e-10 2.46395e-10
-1.09447e-10 2.51027e-10
-1.14427e-10 2.55561e-10
-1.19494e-10 2.59996e-10
-1.24648e-10 2.64332e-10
-1.29887e-10 2.68564e-10
-1.35207e-10 2.72693e-10
-1.40608e-10 2.76717e-10
-1.46087e-10 2.80634e-10
-1.51641e-10 2.84442e-10
-1.5727e-10 2.8814e-10
-1.6297e-10 2.91727e-10
-1.68739e-10 2.95202e-10
-1.74576e-10 2.98562e-10
-1.80477e-10 3.01806e-10
-1.86442e-10 3.04934e-10
-1.92466e-10 3.07945e-10
-1.98549e-10 3.10836e-10
-2.04687e-10 3.13607e-10
-2.10879e-10 3.16257e-10
-2.17121e-10 3.18784e-10
-2.23412e-10 3.21189e-10
-2.29749e-10 3.23469e-10
-2.3613e-10 3.25624e-10
-2.42551e-10 3.27654e-10
-2.49012e-10 3.29557e-10
-2.55508e-10 3.31332e-10
-2.62038e-10 3.32979e-10
-2.686e-10 3.34498e-10
-2.7519e-10 3.35887e-10
-2.81806e-10 3.37147e-10
-2.88445e-10 3.38276e-10
-2.95105e-10 3.39274e-10
-3.01784e-10 3.40142e-10
-3.08478e-10 3.40878e-10
-3.15186e-10 3.41482e-10
-3.21904e-10 3.41954e-10
-3.2863e-10 3.42294e-10
-3.35362e-10 3.42502e-10
-3.42096e-10 3.42577e-10
-3.48831e-10 3.4252e-10
-3.55563e-10 3.4233e-10
-3.6229e-10 3.42009e-10
-3.69009e-10 3.41555e-10
-3.75719e-10 3.40969e-10
-3.82415e-10 3.40251e-10
-3.89096e-10 3.39401e-10
-3.95759e-10 3.38421e-10
-4.02401e-10 3.3731e-10
-4.09021e-10 3.36068e-10
-4.15614e-10 3.34697e-10
-4.2218e-10 3.33196e-10
-4.28714e-10 3.31566e-10
-4.35216e-10 3.29808e-10
-4.41681e-10 3.27923e-10
-4.48108e-10 3.25911e-10
-4.54495e-10 3.23773e-10
-4.60838e-10 3.2151e-10
-4.67135e-10 3.19122e-10
-4.73385e-10 3.16612e-10
-4.79583e-10 3.13979e-10
-4.85729e-10 3.11224e-10
-4.91819e-10 3.08349e-10
-4.97852e-10 3.05356e-10
-5.03825e-10 3.02244e-10
-5.09735e-10 2.99015e-10
-5.15581e-10 2.95671e-10
-5.2136e-10 2.92212e-10
-5.27069e-10 2.8864e-10
-5.32708e-10 2.84957e-10
-5.38273e-10 2.81164e-10
-5.43762e-10 2.77262e-10
-5.49173e-10 2.73253e-10
-5.54505e-10 2.69139e-10
-5.59755e-10 2.6492e-10
-5.64921e-10 2.60599e-10
-5.7e-10 2.56177e-10
-5.74992e-10 2.51656e-10
-5.79894e-10 2.47038e-10
-5.84705e-10 2.42325e-10
-5.89422e-10 2.37517e-10
-5.94043e-10 2.32618e-10
-5.98567e-10 2.27629e-10
-6.02992e-10 2.22553e-10
-6.07317e-10 2.1739e-10
-6.11539e-10 2.12143e-10
-6.15657e-10 2.06814e-10
-6.1967e-10 2.01405e-10
-6.23575e-10 1.95918e-10
-6.27372e-10 1.90356e-10
-6.31059e-10 1.8472e-10
-6.34634e-10 1.79013e-10
-6.38097e-10 1.73236e-10
-6.41445e-10 1.67393e-10
-6.44678e-10 1.61484e-10
-6.47794e-10 1.55514e-10
-6.50792e-10 1.49483e-10
-6.5367e-10 1.43395e-10
-6.56429e-10 1.37251e-10
-6.59066e-10 1.31054e-10
-6.61581e-10 1.24806e-10
-6.63973e-10 1.1851e-10
-6.6624e-10 1.12169e-10
-6.68382e-10 1.05784e-10
-6.70399e-10 9.9358e-11
-6.72288e-10 9.28937e-11
-6.7405e-10 8.63936e-11
-6.75684e-10 7.98601e-11
-6.7719e-10 7.32957e-11
-6.78565e-10 6.6703e-11
-6.79812e-10 6.00845e-11
-6.80927e-10 5.34428e-11
-6.81912e-10 4.67805e-11
-6.82766e-10 4.01e-11
-6.83488e-10 3.34041e-11
-6.84079e-10 2.66953e-11
-6.84537e-10 1.99762e-11
-6.84863e-10 1.32493e-11
-6.85057e-10 6.51734e-12
-6.85119e-10 -2.17135e-13
-6.85048e-10 -6.95152e-12
-6.84845e-10 -1.36832e-11
-6.84509e-10 -2.04096e-11
-6.84042e-10 -2.71281e-11
-6.83442e-10 -3.38361e-11
-6.82711e-10 -4.0531e-11
-6.81848e-10 -4.72103e-11
-6.80854e-10 -5.38713e-11
-6.79729e-10 -6.05114e-11
-6.78474e-10 -6.71282e-11
-6.77089e-10 -7.3719e-11
-6.75574e-10 -8.02813e-11
-6.73932e-10 -8.68126e-11
-6.7216e-10 -9.33103e-11
-6.70262e-10 -9.9772e-11
-6.68237e-10 -1.06195e-10
-6.66086e-10 -1.12577e-10
-6.6381e-10 -1.18916e-10
-6.6141e-10 -1.25208e-10
-6.58886e-10 -1.31452e-10
-6.5624e-10 -1.37646e-10
-6.53474e-10 -1.43786e-10
-6.50586e-10 -1.4987e-10
-6.4758e-10 -1.55897e-10
-6.44456e-10 -1.61863e-10
-6.41215e-10 -1.67767e-10
-6.37859e-10 -1.73606e-10
-6.34389e-10 -1.79377e-10
-6.30806e-10 -1.8508e-10
-6.27111e-10 -1.90711e-10
-6.23306e-10 -1.96268e-10
-6.19393e-10 -2.01749e-10
-6.15373e-10 -2.07153e-10
-6.11248e-10 -2.12476e-10
-6.07018e-10 -2.17717e-10
-6.02687e-10 -2.22874e-10
-5.98255e-10 -2.27945e-10
-5.93724e-10 -2.32928e-10
-5.89096e-10 -2.3782e-10
-5.84372e-10 -2.42621e-10
-5.79555e-10 -2.47328e-10
-5.74647e-10 -2.51939e-10
-5.69649e-10 -2.56453e-10
-5.64563e-10 -2.60868e-10
-5.59391e-10 -2.65182e-10
-5.54136e-10 -2.69393e-10
-5.48799e-10 -2.73501e-10
-5.43382e-10 -2.77502e-10
-5.37887e-10 -2.81397e-10
-5.32317e-10 -2.85182e-10
-5.26673e-10 -2.88858e-10
-5.20959e-10 -2.92421e-10
-5.15175e-10 -2.95872e-10
-5.09325e-10 -2.99208e-10
-5.0341e-10 -3.02429e-10
-4.97433e-10 -3.05533e-10
-4.91396e-10 -3.08518e-10
-4.85302e-10 -3.11385e-10
-4.79153e-10 -3.14131e-10
-4.7295e-10 -3.16755e-10
-4.66698e-10 -3.19258e-10
-4.60397e-10 -3.21636e-10
-4.54051e-10 -3.23891e-10
-4.47661e-10 -3.2602e-10
-4.41231e-10 -3.28023e-10
-4.34763e-10 -3.299e-10
-4.2826e-10 -3.31648e-10
-4.21723e-10 -3.33269e-10
-4.15155e-10 -3.34761e-10
-4.0856e-10 -3.36123e-10
-4.01939e-10 -3.37356e-10
-3.95295e-10 -3.38458e-10
-3.88631e-10 -3.39429e-10
-3.81948e-10 -3.4027e-10
-3.75251e-10 -3.40978e-10
-3.68541e-10 -3.41555e-10
-3.61821e-10 -3.42e-10
-3.55093e-10 -3.42312e-10
-3.48361e-10 -3.42493e-10
-3.41626e-10 -3.4254e-10
-3.34892e-10 -3.42456e-10
-3.28161e-10 -3.42239e-10
-3.21435e-10 -3.4189e-10
-3.14718e-10 -3.41408e-10
-3.08011e-10 -3.40795e-10
-3.01318e-10 -3.4005e-10
-2.9464e-10 -3.39174e-10
-2.87981e-10 -3.38166e-10
-2.81343e-10 -3.37028e-10
-2.74729e-10 -3.35759e-10
-2.68141e-10 -3.34361e-10
-2.61582e-10 -3.32833e-10
-2.55054e-10 -3.31177e-10
-2.4856e-10 -3.29392e-10
-2.42102e-10 -3.27481e-10
-2.35683e-10 -3.25443e-10
-2.29306e-10 -3.23279e-10
-2.22972e-10 -3.2099e-10
-2.16684e-10 -3.18577e-10
-2.10445e-10 -3.1604e-10
-2.04257e-10 -3.13382e-10
-1.98123e-10 -3.10603e-10
-1.92044e-10 -3.07703e-10
-1.86024e-10 -3.04685e-10
-1.80064e-10 -3.01548e-10
-1.74167e-10 -2.98296e-10
-1.68335e-10 -2.94927e-10
-1.6257e-10 -2.91445e-10
-1.56875e-10 -2.87851e-10
-1.51251e-10 -2.84145e-10
-1.45702e-10 -2.80329e-10
-1.40229e-10 -2.76404e-10
-1.34834e-10 -2.72373e-10
-1.29519e-10 -2.68237e-10
-1.24286e-10 -2.63997e-10
-1.19138e-10 -2.59655e-10
-1.14076e-10 -2.55212e-10
-1.09103e-10 -2.50671e-10
-1.0422e-10 -2.46033e-10
-9.94285e-11 -2.413e-10
-9.47314e-11 -2.36474e-10
-9.01301e-11 -2.31556e-10
-8.56263e-11 -2.26549e-10
-8.12219e-11 -2.21454e-10
-7.69184e-11 -2.16273e-10
-7.27177e-11 -2.11009e-10
-6.86212e-11 -2.05664e-10
-6.46306e-11 -2.00238e-10
-6.07475e-11 -1.94736e-10
-5.69732e-11 -1.89158e-10
-5.33094e-11 -1.83507e-10
-4.97573e-11 -1.77785e-10
-4.63185e-11 -1.71995e-10
-4.29941e-11 -1.66138e-10
-3.97855e-11 -1.60216e-10
-3.6694e-11 -1.54233e-10
-3.37206e-11 -1.4819e-10
-3.08667e-11 -1.4209e-10
-2.81332e-11 -1.35935e-10
-2.55213e-11 -1.29727e-10
-2.30319e-11 -1.23469e-10
-2.0666e-11 -1.17164e-10
-1.84245e-11 -1.10813e-10
-1.63083e-11 -1.0442e-10
-1.43182e-11 -9.79855e-11
-1.24549e-11 -9.15136e-11
-1.07193e-11 -8.50064e-11
-9.11194e-12 -7.84662e-11
-7.63345e-12 -7.18958e-11
-6.28442e-12 -6.52975e-11
-5.06537e-12 -5.8674e-11
-3.97676e-12 -5.20278e-11
-3.01902e-12 -4.53615e-11
-2.19252e-12 -3.86776e-11
-1.49759e-12 -3.19788e-11
-9.34473e-13 -2.52677e-11
-5.03405e-13 -1.85467e-11
-2.04549e-13 -1.18186e-11
-3.80201e-14 -5.0859e-12
-3.88246e-15 1.64877e-12
-1.02149e-13 8.38281e-12
-3.32783e-13 1.51136e-11
-6.95694e-13 2.18386e-11
-1.19074e-12 2.85551e-11
-1.81774e-12 3.52606e-11
-2.57643e-12 4.19525e-11
-3.46654e-12 4.86282e-11
-4.48771e-12 5.52851e-11
-5.63956e-12 6.19206e-11
-6.92163e-12 6.85322e-11
-8.33343e-12 7.51173e-11
-9.87442e-12 8.16734e-11
-1.1544e-11 8.81979e-11
-1.33415e-11 9.46884e-11
-1.52663e-11 1.01142e-10
-1.73176e-11 1.07557e-10
-1.94945e-11 1.1393e-10
-2.17964e-11 1.20259e-10
-2.42222e-11 1.26542e-10
-2.67711e-11 1.32776e-10
-2.94421e-11 1.38958e-10
-3.2234e-11 1.45087e-10
-3.5146e-11 1.5116e-10
-3.81767e-11 1.57174e-10
-4.13251e-11 1.63128e-10
-4.45899e-11 1.69018e-10
-4.79699e-11 1.74843e-10
-5.14637e-11 1.80601e-10
-5.50701e-11 1.86289e-10
-5.87876e-11 1.91904e-10
-6.26148e-11 1.97446e-10
-6.65502e-11 2.02911e-10
-7.05922e-11 2.08298e-10
-7.47394e-11 2.13605e-10
-7.89901e-11 2.18829e-10
-8.33427e-11 2.23968e-10
-8.77954e-11 2.29021e-10
-9.23467e-11 2.33985e-10
-9.69946e-11 2.38858e-10
-1.01737e-10 2.4364e-10
-1.06573e-10 2.48327e-10
